UHA-0126	4	4	13	13	1	12	3	3	13	13	2	3	3	15	2	2	2	3	30	30	4	4	8	10	6	10
UHA-0127	3	3	13	15	13	13	5	5	-9	-9	2	3	12	12	2	2	-9	-9	30	34	4	4	8	6	10	12
UHA-0135	4	3	13	15	1	12	3	5	8	15	2	3	3	8	2	3	2	2	30	23	4	4	8	13	10	14
UHA-0166	4	2	6	6	13	11	3	3	13	15	2	3	12	10	1	7	2	3	21	31	4	4	8	9	11	11
UHA-0169	3	3	13	15	13	5	3	3	13	11	2	2	4	11	2	2	2	3	8	19	4	8	8	8	12	5
UHA-0058	3	3	13	6	13	6	3	3	15	15	3	7	4	7	2	1	-9	-9	31	8	4	4	8	3	6	6
UHA-0020	2	9	13	13	12	2	5	5	8	8	2	7	12	7	2	2	2	2	19	29	4	4	13	13	6	6
UHA-0023	3	9	13	13	13	11	3	5	8	15	2	2	-9	-9	-9	-9	2	2	19	19	4	4	8	13	6	6
UHA-0025	3	3	6	14	11	5	3	5	8	17	3	3	3	11	2	2	2	2	16	26	4	4	8	13	6	6
UHA-0026	3	2	13	6	12	6	3	3	15	11	2	3	12	12	2	2	-9	-9	31	16	4	4	8	3	6	10
UHA-0027	3	3	6	14	11	10	5	4	8	19	2	3	3	9	2	2	2	2	31	16	4	4	8	3	6	6
UHA-0028	3	2	15	6	12	10	5	5	8	15	2	3	12	9	2	2	2	2	23	29	4	4	8	13	6	14
UHA-0099	3	3	14	14	5	10	3	5	15	19	2	2	8	9	2	2	2	2	31	26	4	4	6	3	6	6
UHA-0029	3	2	6	14	1	12	3	4	8	15	2	2	12	8	2	3	2	2	31	31	4	4	8	13	6	6
UHA-0043	3	3	13	6	13	11	-9	-9	-9	-9	2	2	3	7	2	2	2	2	8	8	4	4	8	8	6	6
UHA-0045	3	9	13	13	6	2	3	5	15	15	2	2	12	12	2	2	2	2	19	22	4	4	8	13	6	10
UHA-0047	3	3	13	6	13	6	3	3	8	15	2	7	4	7	2	3	2	2	8	8	4	4	8	3	6	6
UHA-0050	2	2	13	6	12	13	3	3	8	11	2	3	12	12	2	2	2	3	8	16	4	4	8	13	6	6
UHA-0052	3	9	13	13	6	2	5	5	8	15	2	3	11	7	2	2	2	2	19	25	4	4	8	11	6	10
UHA-0056	4	4	13	14	12	13	3	5	15	15	2	2	-9	-9	2	2	2	2	19	24	4	4	8	6	6	6
UHA-0068	4	3	13	13	12	6	3	3	13	15	2	2	4	6	-9	-9	3	3	31	31	4	4	8	9	6	12
UHA-0070	4	3	13	6	12	13	3	3	13	12	2	2	12	4	2	2	2	3	30	19	4	4	8	9	12	11
UHA-0071	4	3	13	15	13	11	3	5	13	12	2	2	4	11	2	2	-9	-9	31	31	4	4	9	9	10	12
UHA-0075	3	3	-9	-9	13	6	-9	-9	15	12	2	2	4	4	2	2	2	2	19	22	4	4	8	9	6	11
UHA-0077	4	3	13	6	12	13	3	5	15	12	2	2	12	4	2	2	2	2	19	32	4	4	9	9	6	11
UHA-0079	3	3	6	6	13	13	3	5	13	13	2	2	4	4	2	2	3	3	31	31	4	4	8	9	11	11
UHA-0080	4	4	15	6	12	12	3	2	13	14	2	2	4	4	2	2	-9	-9	19	32	4	4	8	10	11	13
UHA-0081	4	3	13	6	12	13	3	5	13	12	2	2	12	4	2	2	-9	-9	31	31	4	4	8	9	12	11
UHA-0093	4	4	13	13	12	13	3	3	13	14	2	2	-9	-9	2	2	-9	-9	19	32	4	4	8	8	6	12
UHA-0094	4	3	13	15	1	12	3	3	19	18	2	3	12	12	2	2	3	3	19	29	4	4	8	10	10	12
UHA-0095	3	3	13	15	1	13	3	3	19	18	2	2	4	11	2	2	3	3	29	17	4	4	8	10	6	6
UHA-0096	3	3	13	13	1	13	3	5	-9	-9	2	2	-9	-9	2	2	-9	-9	19	29	4	4	8	10	6	12
UHA-0097	4	3	15	15	13	11	3	3	-9	-9	2	3	11	11	2	2	3	3	19	17	4	4	8	10	6	10
UHA-0098	3	3	13	14	1	13	3	4	8	15	2	7	12	8	2	3	2	2	31	19	4	4	8	13	6	6
UHA-0101	3	3	13	15	1	2	-9	-9	8	15	2	2	7	9	3	3	-9	-9	31	8	4	4	8	13	6	14
UHA-0105	3	3	15	14	1	12	5	4	17	19	2	3	8	9	2	2	2	2	23	23	4	4	8	3	6	14
UHA-0109	3	2	6	14	1	12	5	4	8	19	2	2	3	8	2	3	2	2	31	16	4	4	8	13	6	6
UHA-0111	4	3	13	14	12	10	5	5	15	17	2	3	8	11	2	2	2	2	23	23	4	4	8	8	6	14
UHA-0112	4	4	15	6	12	12	3	3	13	14	2	2	4	4	2	2	-9	-9	19	32	4	4	8	10	11	13
UHA-0298	3	3	13	6	6	10	3	5	15	15	2	3	4	11	2	2	2	2	31	22	4	4	8	3	6	10
UHA-0021	3	9	13	13	11	2	5	5	8	8	3	7	12	12	2	2	2	2	8	15	4	4	8	13	6	6
UHA-0022	3	3	6	14	11	10	5	5	8	15	2	2	12	9	2	2	2	2	16	16	4	4	8	13	6	6
UHA-0048	3	3	13	14	1	2	5	4	8	15	2	2	12	9	2	2	2	2	23	19	4	4	8	13	6	6
UHA-0049	3	9	15	15	1	13	3	4	15	19	2	7	12	9	2	2	2	2	31	19	4	4	8	8	6	14
UHA-0053	3	3	13	6	13	10	3	5	15	15	2	2	11	7	2	2	2	2	19	22	4	4	13	3	6	10
UHA-0054	3	3	13	13	2	10	3	5	15	15	2	7	12	12	2	2	2	2	19	22	4	4	8	3	6	10
UHA-0055	4	9	15	15	13	13	3	5	8	15	2	2	11	7	2	2	2	2	30	19	4	4	8	11	6	10
UHA-0069	4	3	13	15	13	11	3	3	13	19	2	2	12	4	2	2	3	3	19	29	4	4	8	9	10	12
UHA-0072	4	3	13	13	1	12	3	5	19	12	2	2	4	11	2	2	2	2	31	19	4	4	8	10	6	12
UHA-0073	4	3	13	6	12	13	3	3	13	18	2	2	4	4	2	2	3	3	30	31	4	4	8	9	11	11
UHA-0074	3	3	13	14	13	10	5	4	13	19	2	2	8	4	2	3	2	3	30	31	4	4	8	3	6	12
UHA-0076	4	3	13	13	1	12	3	5	13	13	2	2	4	11	2	2	3	3	31	29	4	4	8	9	6	12
UHA-0100	4	3	14	14	12	10	3	4	17	19	2	2	11	9	2	2	2	2	23	26	4	4	6	3	6	6
UHA-0102	3	3	6	14	1	6	3	5	15	19	2	3	11	9	2	2	2	2	31	22	4	4	3	3	6	6
UHA-0106	3	3	13	14	1	13	5	4	8	19	2	2	12	8	2	2	2	2	31	8	4	4	13	3	6	6
UHA-0110	4	3	15	14	12	10	5	5	15	15	2	2	11	9	2	2	2	2	23	23	4	4	6	3	6	14
UHA-0036	3	2	6	14	12	10	-9	-9	8	19	2	2	12	9	2	2	2	2	23	29	4	4	13	3	6	6
UHA-0037	3	3	6	14	11	10	5	4	15	11	2	2	3	9	2	3	2	3	31	29	4	4	8	13	6	6
UHA-0038	3	2	13	6	12	6	5	5	15	11	2	3	12	11	2	1	2	3	31	29	4	4	8	8	6	6
UHA-0089	4	4	15	6	12	11	3	3	13	13	2	2	12	4	2	2	3	3	31	29	4	4	9	9	10	11
UHA-0040	3	2	13	6	12	6	3	5	8	15	2	3	12	4	2	2	2	2	31	29	4	4	8	13	6	10
UHA-0041	3	9	6	6	13	11	3	5	8	8	2	7	3	7	2	2	2	2	19	16	4	4	8	13	6	6
UHA-0090	4	3	13	15	13	11	5	5	13	19	2	2	4	11	2	2	3	3	19	19	4	4	8	10	10	11
UHA-0059	3	9	14	14	1	2	5	5	15	15	2	7	12	9	2	2	2	2	23	8	4	4	8	8	6	6
UHA-0063	4	2	3	3	12	4	3	3	12	14	2	2	3	3	3	3	2	2	8	29	4	4	6	7	14	15
UHA-0082	3	3	15	6	1	13	3	5	13	13	2	2	12	4	2	2	3	3	31	19	4	4	8	9	6	11
UHA-0083	4	3	15	6	13	11	3	3	13	12	2	2	12	4	2	2	2	2	19	29	4	4	9	9	10	11
UHA-0084	4	3	13	13	1	12	3	5	19	12	2	2	4	11	2	2	2	2	19	29	4	4	9	9	6	12
UHA-0085	4	4	13	6	12	11	3	5	19	12	2	2	4	11	2	2	2	2	31	19	4	4	9	9	6	11
UHA-0086	4	4	13	6	12	11	3	5	19	12	2	2	4	11	2	2	2	2	31	19	4	4	9	9	10	11
UHA-0087	4	4	13	6	12	12	3	5	13	12	2	2	4	4	2	2	2	2	30	30	4	4	9	9	11	11
UHA-0088	3	3	13	13	13	13	3	5	12	14	2	2	4	4	2	2	2	2	30	19	4	4	9	9	6	12
UHA-0091	4	4	13	15	12	11	3	3	19	12	2	2	12	4	2	2	2	2	31	19	4	4	9	9	10	12
UHA-0113	3	3	13	14	1	13	5	5	15	19	2	2	7	9	2	2	2	2	23	19	4	4	8	3	6	6
UHA-0114	3	9	15	15	1	2	-9	-9	15	15	2	7	8	7	2	2	2	2	31	19	4	4	8	8	6	14
UHA-0115	3	3	6	14	5	10	3	3	15	15	2	2	4	11	-9	-9	2	2	31	26	4	4	8	6	6	6
UHA-0116	3	3	13	13	6	2	3	3	8	15	3	7	11	7	2	2	2	2	31	8	4	4	13	3	6	10
UHA-0118	3	2	6	6	12	10	3	5	8	15	2	3	12	11	2	2	2	2	31	16	4	4	8	8	6	6
UHA-0119	3	3	15	6	6	10	3	5	15	15	2	2	8	11	2	3	2	2	23	31	4	4	8	3	6	14
UHA-0120	3	3	13	15	10	10	5	5	15	19	2	3	8	11	2	2	2	2	31	31	4	4	3	3	10	14
UHA-0121	3	3	15	6	10	10	5	5	15	15	2	3	11	9	2	2	2	2	31	22	4	4	8	8	6	14
UHA-0122	3	3	15	6	6	10	3	5	15	15	2	3	11	9	3	1	2	2	31	22	4	4	8	3	6	14
UHA-0123	3	3	13	15	13	13	5	5	8	11	2	3	12	12	2	2	2	2	30	34	4	4	8	8	6	10
UHA-0124	3	3	13	15	13	6	3	5	8	11	2	2	12	12	2	2	2	2	-9	-9	4	4	8	13	6	10
UHA-0125	4	2	13	15	12	13	3	5	8	15	2	3	12	10	2	7	2	2	30	21	4	4	13	9	6	6
UHA-0128	3	3	13	15	13	6	5	5	13	14	2	2	4	4	-9	-9	2	3	30	34	4	4	8	6	10	12
UHA-0129	4	3	13	15	12	6	3	5	13	14	2	3	12	12	2	2	2	3	-9	-9	4	4	8	6	10	12
UHA-0130	4	4	13	15	12	13	3	5	13	11	2	3	3	11	2	2	2	3	30	34	4	4	8	8	6	10
UHA-0131	4	2	13	15	12	13	3	3	13	15	3	3	12	10	2	7	2	3	30	12	4	4	8	9	6	10
UHA-0132	4	2	13	6	12	13	3	5	13	15	3	3	12	7	2	2	2	3	12	12	4	4	8	9	10	11
UHA-0133	4	3	13	15	12	13	3	3	13	8	2	2	3	4	-9	-9	2	2	19	32	4	4	8	13	6	10
UHA-0134	3	3	13	15	13	13	5	5	13	11	2	2	4	4	2	2	-9	-9	34	32	4	4	8	8	6	10
UHA-0136	4	3	13	15	12	6	3	5	13	14	2	3	12	12	2	2	2	3	30	34	4	4	8	6	10	12
UHA-0137	4	4	13	15	12	13	3	5	13	11	2	3	12	4	2	2	2	3	30	34	4	4	8	8	6	12
UHA-0138	3	3	13	17	13	2	3	2	8	16	2	2	10	4	3	6	2	1	32	17	4	1	13	7	10	9
UHA-0139	3	3	13	13	13	2	3	5	8	8	2	2	3	7	2	2	2	2	19	32	4	4	13	13	6	10
UHA-0140	4	3	13	15	12	6	3	5	8	8	2	3	3	11	2	2	2	2	30	25	4	4	13	11	10	10
UHA-0141	4	3	13	14	1	12	3	4	8	15	2	2	3	8	3	1	2	2	23	32	4	4	8	13	6	10
UHA-0143	4	3	13	15	12	6	3	5	8	14	2	3	12	12	2	2	2	2	30	34	4	4	6	13	10	12
UHA-0144	3	3	13	15	13	13	5	5	13	14	2	3	3	4	2	2	2	3	32	32	4	4	8	6	6	12
UHA-0146	4	4	13	15	12	13	5	5	-9	-9	2	2	12	12	2	2	2	2	32	35	4	4	8	13	10	12
UHA-0147	3	3	13	15	13	6	5	5	8	11	2	2	3	11	2	2	-9	-9	34	32	4	4	8	13	10	12
UHA-0150	4	3	13	15	11	6	3	3	19	22	2	2	4	11	2	2	2	2	29	13	4	4	10	7	6	10
UHA-0162	4	3	13	14	11	11	3	2	13	9	2	2	-9	-9	2	5	2	2	30	8	4	11	9	7	6	9
UHA-0163	4	3	14	5	12	6	3	5	15	22	2	2	10	4	2	2	2	2	23	13	4	4	8	7	6	6
UHA-0164	4	3	13	15	11	6	3	3	15	19	2	2	12	6	2	2	-9	-9	-9	-9	4	4	10	10	6	2
UHA-0165	4	3	13	13	1	12	3	3	13	19	2	2	12	12	2	2	3	3	30	19	4	4	8	10	6	6
UHA-0167	3	9	6	6	13	2	-9	-9	-9	-9	2	2	12	4	2	2	-9	-9	8	19	4	4	8	13	6	11
UHA-0148	3	3	5	8	11	6	3	5	13	16	2	2	3	3	2	2	2	2	13	5	4	4	6	9	6	11
UHA-0151	3	3	13	5	6	6	3	3	15	22	2	2	4	4	2	2	2	2	31	13	4	4	9	3	6	10
UHA-0152	4	4	13	13	13	11	3	3	13	15	2	7	4	7	2	2	2	2	19	13	4	4	8	9	6	6
UHA-0153	3	9	5	5	13	6	3	3	15	22	2	2	4	7	2	2	2	2	19	13	4	4	8	9	6	6
UHA-0154	4	4	13	14	13	11	5	5	13	15	2	2	10	20	2	2	2	2	30	23	4	4	8	9	6	6
UHA-0155	4	3	15	5	1	11	3	5	13	19	2	2	4	9	2	2	2	2	23	13	4	4	9	3	6	14
UHA-0156	4	8	13	14	13	11	3	3	13	9	2	2	5	5	2	2	2	2	30	25	4	4	8	9	6	4
UHA-0157	4	4	14	5	12	11	3	5	13	15	2	2	4	9	-9	-9	2	2	30	23	4	4	6	9	6	6
UHA-0158	4	3	13	6	12	6	3	5	22	21	2	2	4	9	2	2	2	3	30	23	4	4	7	7	6	12
UHA-0159	3	3	13	13	6	2	3	5	8	22	2	2	12	4	2	2	2	2	8	29	4	4	13	7	6	6
UHA-0160	4	3	15	5	1	11	3	4	19	22	2	2	4	9	2	3	2	2	23	13	4	4	8	9	6	14
UHA-0161	4	4	13	13	13	11	3	3	15	22	2	7	12	4	2	2	2	2	19	13	4	4	8	7	6	6
UHA-0426	4	3	13	15	11	6	3	5	13	11	2	2	3	12	2	2	2	3	31	20	4	4	8	8	6	12
UHA-0427	4	9	15	15	12	2	3	3	15	18	2	7	12	4	2	2	2	3	19	19	4	4	8	8	6	6
UHA-0428	4	4	15	15	12	11	3	5	19	18	2	2	12	4	2	2	3	3	30	17	4	4	8	10	6	10
UHA-0429	3	3	13	14	5	6	3	3	15	22	2	2	9	20	2	2	2	2	26	13	4	4	6	7	6	6
UHA-0430	3	9	5	5	13	6	3	3	13	15	2	2	12	4	2	2	2	2	30	8	4	4	8	9	6	6
UHA-0431	3	9	5	5	6	2	3	5	15	22	2	2	12	20	2	2	2	2	30	8	4	4	8	7	6	6
UHA-0432	3	3	13	14	5	6	3	3	13	17	2	2	4	11	2	2	-9	-9	26	13	4	4	6	9	6	6
UHA-0433	4	3	13	14	12	6	3	5	13	15	2	2	4	9	2	2	2	2	30	23	4	4	6	9	6	6
UHA-0434	3	3	15	5	6	15	3	5	13	17	2	2	10	4	2	2	3	3	19	13	4	4	8	9	6	2
UHA-0435	3	3	13	13	13	13	5	5	8	21	3	3	12	6	2	2	2	2	30	24	4	4	8	6	6	13
UHA-0436	4	4	13	15	12	13	3	5	13	11	2	3	3	11	2	2	2	3	34	32	4	4	8	8	6	10
UHA-0437	4	3	13	15	12	6	3	5	8	11	2	3	12	12	2	2	2	2	30	34	4	4	8	13	6	6
UHA-0438	4	4	13	15	12	13	5	5	8	14	2	2	3	11	2	2	2	2	30	35	4	4	6	13	10	12
UHA-0439	4	9	13	13	12	13	3	5	8	8	2	2	12	12	2	1	2	2	30	8	4	4	13	13	6	6
UHA-0440	3	9	13	13	13	6	3	3	8	15	2	3	12	12	2	1	2	2	8	22	4	4	13	3	6	10
UHA-0441	3	3	13	6	13	11	3	5	8	8	2	3	12	12	2	2	2	2	19	16	4	4	8	13	6	6
UHA-0442	3	2	13	13	12	13	3	3	8	15	3	7	12	7	2	2	2	2	8	29	4	4	8	13	6	6
UHA-0443	3	9	15	15	13	10	3	5	8	15	2	2	12	8	2	3	2	2	23	8	4	4	8	13	6	14
UHA-0444	3	9	15	15	1	13	3	4	15	19	2	2	12	8	2	2	2	2	23	19	4	4	8	3	6	14
UHA-0445	3	3	13	14	13	10	5	5	15	15	2	2	12	9	2	2	2	2	23	19	4	4	8	8	6	6
UHA-0446	4	9	13	13	2	8	3	5	8	11	2	3	12	7	2	2	2	2	30	19	4	4	8	13	6	6
UHA-0447	3	3	13	14	1	13	3	4	15	15	2	7	12	8	2	3	2	2	31	8	4	4	8	3	6	6
UHA-0448	3	3	13	15	1	13	3	4	8	15	2	7	12	8	2	2	2	2	23	19	4	4	8	8	6	14
UHA-0449	3	3	13	14	13	10	5	5	15	15	2	7	7	9	3	3	2	2	23	8	4	4	8	8	6	6
UHA-0450	3	3	13	15	1	13	3	4	8	19	2	2	8	7	2	2	2	2	31	8	4	4	13	3	6	14
UHA-0451	3	9	15	15	1	13	3	4	15	19	2	2	12	9	2	2	2	2	23	8	4	4	8	3	6	14
UHA-0452	3	9	14	14	1	2	5	4	15	15	2	2	12	9	3	3	2	2	31	19	4	4	8	8	6	6
UHA-0453	3	3	13	15	13	10	3	4	15	19	2	2	12	8	2	2	2	2	23	19	4	4	8	3	6	14
UHA-0454	3	3	13	14	2	10	5	5	15	15	2	2	8	7	2	3	2	2	31	8	4	4	8	13	6	6
UHA-0455	3	9	14	14	2	10	5	5	8	15	2	2	12	8	2	2	2	2	23	19	4	4	8	13	6	6
UHA-0456	3	3	13	15	13	10	3	4	15	15	2	2	12	9	2	2	2	2	23	8	4	4	8	13	6	14
UHA-0457	3	3	14	14	1	5	3	4	15	15	2	3	9	9	2	3	2	2	23	23	4	4	8	8	6	6
UHA-0458	3	3	14	14	1	5	3	4	15	15	2	3	8	11	2	2	2	2	23	26	4	4	8	8	6	6
UHA-0459	4	3	15	14	12	10	3	5	15	17	2	3	8	9	2	3	2	2	23	31	4	4	8	8	6	14
UHA-0460	3	3	13	15	2	10	3	5	8	15	2	7	12	9	2	3	2	2	31	19	4	4	8	13	6	14
UHA-0001	3	3	3	3	5	6	3	2	14	18	2	2	3	7	3	3	2	2	8	14	4	4	6	7	12	17
UHA-0002	3	3	3	4	1	5	3	2	11	5	1	1	4	7	3	5	2	2	10	28	4	4	9	7	12	14
UHA-0003	3	2	3	3	1	8	3	3	14	21	2	2	3	8	3	3	2	2	22	13	4	4	3	3	12	15
UHA-0004	5	5	13	12	9	16	3	3	15	12	2	2	8	6	7	4	1	1	10	11	-9	-9	3	3	11	9
UHA-0005	5	5	14	11	10	9	3	3	14	7	2	2	6	1	4	4	2	2	8	5	4	4	10	6	11	9
UHA-0006	5	5	14	11	12	9	3	3	14	16	2	2	9	6	5	5	3	3	5	4	4	4	10	3	9	9
UHA-0007	4	3	17	9	5	8	2	2	17	16	2	2	8	4	6	5	2	2	7	9	4	4	7	14	10	11
UHA-0008	3	3	15	11	11	5	2	2	16	16	2	2	4	5	6	9	2	3	16	16	4	4	10	7	10	9
UHA-0009	4	3	13	15	13	11	3	3	13	18	2	2	12	4	2	3	3	3	31	31	4	4	8	8	6	12
UHA-0010	4	3	13	13	12	13	3	5	13	8	2	3	3	12	-9	-9	2	3	32	32	4	4	8	13	6	10
UHA-0011	4	3	13	15	13	11	3	3	13	18	2	3	12	4	2	2	3	3	19	17	4	4	8	8	6	6
UHA-0012	4	3	13	5	11	6	3	3	13	22	2	2	4	20	2	2	2	2	30	13	4	4	9	7	6	6
UHA-0013	4	3	13	6	13	11	3	3	13	17	2	2	12	4	2	2	3	3	31	19	4	4	8	8	12	11
UHA-0014	4	3	13	6	12	13	3	5	13	12	2	2	4	4	2	2	2	3	31	19	4	4	8	9	12	11
UHA-0015	4	3	13	15	12	13	3	3	13	18	2	3	12	4	3	3	3	3	19	17	4	4	8	8	6	12
UHA-0016	4	3	13	15	12	6	3	3	13	15	2	2	-9	-9	-9	-9	3	3	32	32	4	4	8	10	6	2
UHA-0017	3	3	10	18	13	4	2	2	12	16	2	2	11	9	4	4	-9	-9	7	6	4	5	9	9	14	11
UHA-0018	3	3	13	18	8	3	2	2	16	21	2	2	9	5	7	8	3	3	-9	-9	4	5	10	9	11	9
UHA-0183	3	2	3	4	6	7	3	3	19	19	2	2	5	13	3	3	-9	-9	8	9	4	4	3	7	14	14
UHA-0184	4	4	3	3	5	5	3	3	14	18	2	4	4	4	3	3	2	2	6	6	4	4	6	7	12	12
UHA-0186	4	2	3	4	5	8	3	3	22	21	2	2	3	4	3	3	2	2	8	13	4	4	3	7	12	18
UHA-0187	4	4	3	4	6	6	3	3	13	13	2	2	4	5	3	3	2	2	9	9	4	4	6	6	11	9
UHA-0188	3	2	3	3	5	7	3	3	8	14	2	2	8	8	3	3	2	2	7	3	4	4	8	6	11	17
UHA-0191	4	4	3	3	6	6	3	3	11	18	2	1	13	17	3	3	2	2	8	8	4	4	6	6	17	17
UHA-0193	5	5	12	2	13	4	3	3	11	16	2	2	3	5	4	4	3	3	4	7	-9	-9	3	3	11	9
UHA-0194	3	3	12	12	9	9	4	2	14	7	2	6	3	6	-9	-9	-9	-9	8	8	2	2	3	7	14	9
UHA-0195	3	3	11	11	15	9	-9	-9	16	5	2	2	3	3	4	4	-9	-9	4	6	-9	-9	3	7	9	9
UHA-0196	3	3	12	16	6	10	3	3	9	9	2	2	3	7	4	4	2	2	8	4	-9	-9	3	7	11	11
UHA-0197	5	5	8	2	12	14	3	3	8	16	2	2	10	7	4	4	-9	-9	8	4	-9	-9	10	3	9	9
UHA-0198	2	5	8	12	2	8	3	3	12	14	2	2	11	7	6	9	3	3	28	4	-9	-9	11	11	9	9
UHA-0202	5	5	11	11	13	13	3	3	12	10	2	3	5	14	6	6	2	2	9	1	-9	-9	3	7	10	11
UHA-0205	3	3	11	11	10	15	3	3	16	7	2	2	3	4	4	4	2	2	4	4	-9	-9	3	3	9	9
UHA-0207	5	5	13	12	9	16	3	3	15	12	2	2	8	6	7	4	1	1	10	11	-9	-9	3	3	11	9
UHA-0208	3	2	13	12	2	4	3	3	13	12	2	2	9	9	5	5	3	3	4	9	-9	-9	3	3	9	9
UHA-0210	3	3	8	11	13	11	-9	-9	8	12	2	2	12	5	2	2	2	2	16	35	4	4	10	9	6	14
UHA-0211	3	3	7	7	4	4	3	3	1	4	1	1	4	5	3	4	3	3	8	3	-9	-9	3	4	15	1
UHA-0212	3	3	7	7	4	4	3	3	1	4	1	1	-9	-9	3	4	3	3	8	3	-9	-9	3	4	15	1
UHA-0213	3	3	3	11	5	5	3	6	13	13	2	2	4	6	3	5	2	2	4	4	4	3	6	6	12	14
UHA-0214	3	3	3	10	5	5	6	6	18	9	2	4	6	14	3	4	2	2	4	6	4	3	7	4	12	14
UHA-0215	3	3	13	13	5	4	3	3	13	16	2	2	8	9	3	5	2	2	8	8	4	4	3	4	9	17
UHA-0216	4	3	13	3	4	9	2	2	13	5	2	1	-9	-9	3	5	-9	-9	6	3	4	4	3	7	12	9
UHA-0217	3	3	3	11	6	4	3	3	13	13	2	2	3	12	3	5	2	2	6	3	4	4	3	3	10	15
UHA-0218	4	4	3	11	4	4	2	2	13	17	2	2	3	16	3	5	2	2	23	6	4	4	6	3	10	14
UHA-0219	4	3	13	17	8	7	3	3	13	10	2	2	9	9	3	4	-9	-9	7	9	-9	-9	3	7	9	9
UHA-0220	3	3	13	9	1	8	2	2	13	9	2	2	3	19	3	3	2	2	8	6	4	4	3	3	14	9
UHA-0221	3	2	13	12	4	15	3	3	12	14	2	2	5	5	4	4	2	2	6	6	15	15	9	7	11	9
UHA-0222	-9	-9	13	12	4	15	3	3	12	14	2	2	5	5	4	4	2	2	6	6	15	15	9	7	11	9
UHA-0223	2	5	13	11	5	3	3	3	15	21	2	2	3	3	7	4	2	2	7	9	11	11	9	7	10	14
UHA-0224	4	3	13	15	12	6	3	3	13	15	2	2	12	6	2	2	3	3	32	32	4	4	8	10	6	2
UHA-0225	4	2	14	11	13	3	2	2	12	4	2	2	8	8	3	7	2	2	22	3	4	4	10	5	9	9
UHA-0226	4	4	11	11	12	9	2	2	12	4	2	2	8	10	7	6	2	2	22	28	4	5	5	5	13	9
UHA-0227	3	2	13	13	12	3	2	2	11	21	2	2	3	3	7	4	2	2	29	7	11	5	8	8	10	13
UHA-0228	3	2	13	13	10	3	2	2	12	21	2	2	4	4	7	5	2	2	7	7	11	11	9	9	10	13
UHA-0229	3	3	10	18	13	4	2	2	12	16	2	2	11	9	4	4	-9	-9	7	6	4	5	9	9	14	11
UHA-0230	-9	-9	11	16	10	7	3	3	17	19	2	2	4	4	6	5	2	2	10	3	4	4	8	7	11	9
UHA-0231	4	3	17	9	5	8	2	2	11	16	2	2	4	18	6	5	2	5	6	6	4	18	8	10	10	9
UHA-0232	4	5	9	16	4	8	2	2	11	17	2	2	8	7	5	5	2	2	6	6	4	4	9	7	13	9
UHA-0233	3	3	15	8	5	7	2	2	16	5	2	2	4	6	-9	-9	2	3	8	6	4	4	10	10	9	9
UHA-0238	4	4	15	8	5	9	2	2	11	12	2	2	6	13	7	4	2	4	-9	-9	4	5	8	10	10	9
UHA-0239	3	3	15	14	8	9	2	2	13	11	2	2	4	4	6	4	2	2	17	15	4	12	8	8	10	9
UHA-0240	4	4	13	15	8	9	2	2	11	11	2	2	5	5	7	4	2	2	21	22	5	12	7	7	10	13
UHA-0241	3	3	15	17	13	2	2	2	10	10	2	2	4	4	4	8	3	3	9	9	5	5	9	7	10	13
UHA-0242	3	3	13	19	5	8	2	2	7	3	2	2	4	11	4	8	2	3	10	10	5	5	9	12	10	9
UHA-0243	3	5	13	16	5	8	2	2	17	16	2	2	5	5	8	8	-9	-9	10	10	5	5	7	1	10	9
UHA-0244	3	2	13	11	12	8	3	2	5	3	2	2	5	5	3	8	2	2	14	10	4	5	7	1	10	11
UHA-0245	3	3	14	14	4	3	2	2	14	4	2	2	9	9	3	3	-9	-9	12	14	4	4	10	10	9	9
UHA-0246	3	2	13	14	13	5	2	2	11	5	2	2	4	5	5	4	2	3	-9	-9	4	5	7	7	10	13
UHA-0247	3	5	15	14	2	8	5	2	12	10	2	2	3	3	7	7	-9	-9	10	10	5	19	10	6	10	12
UHA-0248	3	3	8	9	1	1	3	3	9	9	2	2	12	12	3	4	2	2	17	17	4	4	8	8	8	16
UHA-0249	3	3	8	9	1	1	3	3	8	20	2	2	14	14	4	4	-9	-9	17	17	4	4	8	10	11	11
UHA-0251	3	10	7	7	10	10	3	1	9	9	2	1	5	5	2	4	3	1	6	2	5	19	6	7	14	18
UHA-0252	3	3	12	10	10	4	3	4	11	9	2	2	-9	-9	2	2	1	4	11	4	11	23	3	3	19	19
UHA-0254	4	2	15	16	3	3	4	6	8	4	2	1	-9	-9	3	5	3	3	5	3	9	9	7	7	11	15
UHA-0255	4	3	12	12	13	13	5	4	9	9	2	2	-9	-9	5	4	2	3	6	6	8	12	10	10	15	9
UHA-0256	3	3	15	6	13	6	5	5	21	20	2	2	4	4	-9	-9	2	2	21	24	-9	-9	10	10	6	12
UHA-0257	3	3	15	14	1	10	5	4	15	19	2	2	8	9	2	3	2	2	23	31	4	4	8	3	6	14
UHA-0258	4	3	14	14	12	5	3	5	15	17	2	3	9	9	2	2	-9	-9	26	24	4	4	8	6	6	6
UHA-0259	3	3	15	15	13	6	5	5	11	14	2	2	4	11	-9	-9	2	2	34	33	4	4	8	6	6	12
UHA-0260	3	9	13	13	13	2	3	5	8	15	2	7	12	7	2	2	2	2	8	19	4	4	8	13	6	6
UHA-0261	3	2	13	6	12	11	3	5	8	11	2	3	3	12	2	2	2	2	16	16	4	4	8	13	6	6
UHA-0262	4	3	13	6	12	13	3	3	13	12	2	2	12	4	2	2	2	2	30	17	4	4	9	9	12	11
UHA-0263	4	3	13	6	12	13	3	3	13	12	2	3	12	12	2	2	2	3	30	17	4	4	8	9	6	11
UHA-0264	4	3	13	15	11	6	3	3	13	15	2	2	4	6	2	2	3	3	24	24	4	4	8	10	6	2
UHA-0265	4	3	13	15	12	13	3	3	13	14	2	3	4	4	2	2	3	3	32	32	4	4	8	10	6	13
UHA-0266	4	3	13	15	1	11	3	5	13	19	2	2	11	11	2	2	-9	-9	19	29	4	4	10	9	6	10
UHA-0267	4	3	13	6	12	13	3	5	13	18	2	2	4	4	2	2	3	3	31	19	4	4	8	8	12	11
UHA-0273	-9	-9	15	6	4	18	3	7	8	8	2	2	3	3	7	4	2	3	8	1	4	15	6	5	5	9
UHA-0282	3	3	13	11	1	1	2	2	8	5	2	2	3	3	6	6	2	2	7	6	5	5	7	7	13	9
UHA-0283	4	4	3	3	5	5	-9	-9	12	9	2	2	4	4	3	3	2	2	8	8	4	4	7	7	12	15
UHA-0284	3	3	14	1	12	9	2	2	15	21	2	2	4	9	7	4	2	2	14	7	4	5	7	7	11	13
UHA-0285	4	3	3	3	5	4	3	3	9	5	2	2	6	6	3	3	2	2	8	6	4	4	7	5	12	18
UHA-0286	3	3	3	3	11	5	2	2	15	21	2	4	15	5	3	8	2	2	8	5	4	4	7	4	12	12
UHA-0287	4	4	3	8	5	4	-9	-9	14	21	2	2	5	5	3	3	-9	-9	9	3	4	4	7	4	-9	-9
UHA-0288	3	3	14	14	5	7	2	2	12	21	2	2	4	4	-9	-9	2	2	13	13	8	5	9	3	6	9
UHA-0289	3	2	13	10	8	8	2	2	18	10	2	2	4	4	6	6	-9	-9	10	10	5	9	7	4	10	9
UHA-0294	3	3	14	17	1	2	3	3	14	10	2	2	15	4	7	5	-9	-9	5	5	5	20	8	10	9	9
UHA-0295	-9	-9	11	9	6	2	3	3	15	16	2	2	3	4	7	7	-9	-9	7	7	4	5	7	1	11	13
UHA-0299	3	3	13	13	8	8	2	2	11	19	2	2	5	5	6	8	3	3	16	5	27	27	9	3	10	11
UHA-0300	4	3	3	3	5	5	3	3	16	9	2	2	14	14	3	4	2	2	9	3	4	4	6	3	12	14
UHA-0301	4	4	13	15	5	8	2	2	11	10	2	2	4	4	4	4	3	3	35	35	5	5	9	3	13	8
UHA-0302	3	7	13	18	1	8	2	2	13	14	2	3	4	9	5	4	-9	-9	7	9	5	5	10	9	9	9
UHA-0303	4	3	14	14	5	8	3	3	11	17	2	2	4	6	5	4	2	3	26	26	4	5	9	9	14	9
UHA-0304	3	3	14	10	4	3	2	2	21	20	2	2	3	12	3	5	2	2	33	33	5	5	7	7	10	9
UHA-0305	4	4	13	9	8	7	2	2	22	10	2	2	4	4	7	4	-9	-9	35	20	5	5	3	7	10	8
UHA-0306	4	3	13	14	10	8	2	2	8	22	2	2	4	11	6	4	-9	-9	-9	-9	11	5	10	10	9	8
UHA-0307	3	3	15	15	11	2	2	2	15	16	2	2	7	5	7	9	2	2	23	18	12	6	10	1	12	9
UHA-0308	4	4	13	13	5	8	-9	-9	12	10	2	2	3	3	4	4	-9	-9	20	10	5	5	9	3	14	8
UHA-0309	3	3	15	14	2	4	2	2	16	6	2	2	5	5	7	8	2	2	7	18	11	12	10	1	12	12
UHA-0310	3	5	11	16	11	2	2	2	15	10	2	2	7	5	5	8	3	3	25	7	6	22	10	10	14	9
UHA-0311	4	6	3	3	4	20	3	3	18	16	2	2	7	18	3	3	2	2	8	6	4	4	6	3	12	18
UHA-0312	4	4	13	15	8	9	2	2	15	10	2	2	3	3	3	4	-9	-9	18	36	5	5	10	3	14	8
UHA-0313	4	3	15	20	8	9	2	2	15	11	2	2	4	4	3	5	2	1	9	18	5	12	10	10	14	14
UHA-0314	3	3	3	3	6	7	3	3	8	21	2	1	-9	-9	-9	-9	-9	-9	5	6	4	4	8	6	12	12
UHA-0316	3	3	15	14	2	10	2	2	15	11	2	2	12	4	5	5	2	1	7	7	4	6	10	7	12	9
UHA-0317	3	3	14	17	13	5	2	2	16	5	2	2	3	7	3	3	-9	-9	31	31	27	14	11	1	10	10
UHA-0318	3	3	15	16	8	3	2	2	11	6	2	2	3	9	6	5	-9	-9	7	7	4	5	10	3	11	11
UHA-0319	3	6	3	3	7	20	3	3	18	16	2	2	3	3	3	3	2	2	5	7	4	4	6	3	12	12
UHA-0320	4	6	3	3	12	20	3	3	14	18	2	2	3	11	3	3	2	2	32	6	4	4	3	7	12	14
UHA-0321	4	3	13	15	8	8	2	2	19	4	2	2	4	9	4	4	-9	-9	37	37	5	19	10	3	11	9
UHA-0322	4	3	15	18	10	9	2	2	11	14	2	3	3	12	6	8	2	2	7	7	21	21	3	7	12	11
UHA-0323	3	3	3	11	12	7	3	3	18	5	2	2	3	3	3	3	2	2	6	18	4	4	3	7	12	8
UHA-0324	-9	-9	3	3	11	5	3	3	19	14	2	2	4	4	3	3	2	2	25	6	4	4	6	4	12	12
UHA-0325	3	3	3	3	5	10	3	3	13	19	2	2	10	9	3	3	2	2	8	6	4	4	4	4	12	17
UHA-0326	4	3	3	3	5	5	2	2	14	16	2	2	4	4	3	3	2	2	25	13	4	4	3	5	12	12
UHA-0327	3	3	3	3	5	5	3	3	13	19	2	2	4	5	-9	-9	2	2	25	10	4	4	6	4	12	12
UHA-0329	4	3	13	14	8	8	2	2	12	12	2	2	4	5	5	4	2	2	6	6	5	16	10	4	11	1
UHA-0330	3	2	14	16	2	10	2	2	11	9	2	2	3	3	5	5	2	3	9	9	4	5	9	9	9	8
UHA-0331	4	2	-9	-9	6	4	-9	-9	-9	-9	2	2	11	5	3	3	2	2	17	7	4	4	6	7	12	12
UHA-0332	3	3	13	17	13	2	2	2	15	14	2	2	6	5	6	6	3	3	5	5	20	28	10	1	10	9
UHA-0333	4	3	3	3	6	19	3	3	14	20	2	2	3	3	3	3	2	2	7	9	4	4	6	7	12	12
UHA-0334	3	3	3	3	5	5	3	3	9	5	2	2	9	9	3	3	2	2	8	8	4	4	7	4	12	3
UHA-0335	-9	-9	13	18	5	7	2	2	11	12	2	2	-9	-9	5	5	3	3	8	8	5	25	9	9	10	9
UHA-0337	3	5	13	13	1	2	2	2	13	12	2	2	3	3	6	5	2	2	8	12	5	6	10	3	10	9
UHA-0338	3	6	3	9	5	5	3	3	9	23	2	2	12	5	-9	-9	2	2	7	7	4	4	3	7	12	14
UHA-0339	4	3	3	3	5	5	2	2	18	21	2	2	9	9	3	4	2	2	3	3	4	4	7	7	12	12
UHA-0340	3	3	17	12	12	13	2	2	15	17	2	2	10	5	5	5	2	2	6	6	4	5	3	7	10	8
UHA-0343	3	3	3	3	11	5	2	2	15	21	2	4	15	5	3	8	2	2	8	5	4	4	7	4	12	12
UHA-0345	4	3	14	17	2	8	2	2	16	10	2	2	4	4	5	9	3	3	32	13	5	9	8	7	11	9
UHA-0346	3	2	11	9	5	5	-9	-9	16	7	2	2	3	5	3	7	2	2	26	7	5	5	9	7	10	16
UHA-0347	3	2	15	14	11	5	2	2	11	17	2	2	3	4	5	4	-9	-9	30	30	6	10	10	7	13	9
UHA-0348	5	5	13	18	2	8	2	2	13	16	2	2	3	10	5	8	2	2	23	23	25	24	10	3	10	10
UHA-0349	4	4	15	11	2	8	-9	-9	17	5	2	2	-9	-9	7	8	-9	-9	23	16	5	6	10	7	10	9
UHA-0350	4	3	3	3	5	5	3	3	13	8	2	2	4	4	3	3	2	2	7	27	4	4	7	7	12	14
UHA-0354	3	3	12	16	12	2	3	3	11	17	2	2	7	5	5	5	2	2	27	27	6	6	6	7	9	8
UHA-0352	3	3	11	18	1	8	2	2	7	7	2	2	3	3	7	9	-9	-9	24	9	4	22	7	7	10	10
UHA-0353	4	3	14	16	1	8	2	2	11	5	2	2	3	4	6	6	-9	-9	4	27	5	5	9	3	12	9
UHA-0172	5	5	8	11	9	16	3	3	16	7	2	2	3	6	7	4	2	3	4	7	5	6	11	7	11	9
UHA-0174	3	2	15	15	1	8	3	3	8	6	2	2	10	11	6	6	2	2	4	7	5	6	6	7	11	9
UHA-0175	3	3	15	11	1	15	2	2	8	11	2	2	12	4	5	5	3	3	10	10	5	5	10	7	11	13
UHA-0176	4	2	3	3	12	4	3	3	12	14	2	2	3	3	3	3	2	2	8	29	4	4	6	7	14	15
UHA-0177	3	3	14	14	11	11	2	2	12	9	2	2	-9	-9	5	5	2	2	8	10	4	11	8	7	9	9
UHA-0178	4	4	3	4	12	12	3	3	12	12	2	2	3	3	3	3	2	2	3	18	4	4	6	7	12	14
UHA-0179	5	5	12	2	11	10	3	2	12	12	2	1	4	6	3	4	4	4	8	2	-9	-9	3	7	11	9
UHA-0189	3	3	3	3	5	6	3	3	8	14	2	2	8	13	3	3	2	2	7	3	4	4	8	6	14	11
UHA-0190	4	3	3	3	5	6	3	3	8	9	2	2	7	13	3	3	2	2	10	3	4	4	3	4	14	11
UHA-0199	3	5	15	12	7	7	3	3	14	14	2	2	3	11	6	4	2	2	4	6	-9	-9	3	4	11	9
UHA-0276	4	4	11	10	6	4	4	4	9	9	4	4	5	2	6	5	2	2	11	1	3	3	7	7	12	14
UHA-0277	4	4	-9	-9	5	7	4	4	9	10	3	5	10	2	3	9	2	2	12	11	3	3	7	4	12	14
UHA-0203	5	5	8	11	10	14	3	3	14	16	2	2	3	3	4	4	2	4	4	4	-9	-9	4	5	11	11
UHA-0204	5	5	12	12	14	21	3	3	13	12	2	2	3	10	7	4	2	2	4	4	5	6	10	4	11	9
UHA-0234	3	2	13	16	6	8	2	2	16	16	2	2	3	3	7	5	2	2	10	6	5	5	10	4	11	13
UHA-0235	3	3	13	11	8	8	3	3	15	16	2	2	10	4	6	5	1	1	16	24	4	5	10	4	11	13
UHA-0236	5	5	15	16	4	7	3	3	12	16	2	2	10	4	5	12	2	2	8	9	4	4	10	7	12	9
UHA-0268	3	3	15	17	13	13	4	4	13	17	2	3	8	4	2	2	2	2	29	29	4	4	10	3	2	8
UHA-0269	3	3	15	15	13	5	3	4	11	20	2	2	11	5	2	5	2	2	8	17	8	7	8	10	12	5
UHA-0270	3	3	10	18	11	17	3	2	17	18	2	2	3	3	2	3	2	3	-9	-9	4	4	6	3	6	8
UHA-0271	3	3	6	6	6	15	3	2	18	21	2	2	10	11	2	3	2	3	9	9	4	4	8	3	6	7
UHA-0272	3	5	13	18	13	10	5	2	17	17	2	3	3	8	2	2	2	2	22	9	4	4	6	3	6	5
UHA-0355	3	3	13	11	5	2	2	2	17	12	2	2	11	9	5	12	-9	-9	5	9	5	29	3	7	5	13
UHA-0356	3	5	14	18	2	8	3	3	17	16	2	2	4	5	2	6	3	3	7	33	27	16	8	8	10	14
UHA-0357	3	3	13	18	1	7	2	2	15	16	2	2	9	2	7	5	2	2	24	7	5	16	6	1	14	9
UHA-0358	3	3	17	18	1	11	2	2	13	17	2	2	4	9	7	7	3	3	24	11	4	5	10	3	11	11
UHA-0359	4	3	14	16	5	9	3	3	19	6	2	2	11	5	6	6	2	2	5	33	27	21	9	4	12	13
UHA-0361	-9	-9	13	14	2	8	-9	-9	-9	-9	2	3	3	8	6	6	2	2	25	5	6	28	3	7	10	12
UHA-0362	3	3	13	13	2	8	2	2	15	18	2	2	3	6	5	8	2	2	26	26	4	14	10	3	10	10
UHA-0363	3	3	13	18	1	8	-9	-9	-9	-9	2	2	3	3	6	6	2	2	24	20	4	6	3	3	11	9
UHA-0379	4	3	3	3	4	15	3	3	13	13	2	2	3	12	3	3	2	2	12	18	4	4	6	6	6	12
UHA-0365	3	3	13	14	5	9	2	2	15	12	2	2	3	3	6	6	2	2	23	7	27	27	3	1	12	9
UHA-0366	4	3	14	16	2	9	3	5	15	12	2	2	4	19	7	7	2	2	8	7	8	26	9	1	10	12
UHA-0367	4	3	3	3	8	16	3	3	13	9	3	3	8	10	3	3	2	2	17	14	4	4	6	6	12	9
UHA-0368	4	3	3	3	5	4	3	3	8	8	1	1	3	7	3	3	2	2	8	9	4	4	7	7	14	11
UHA-0369	4	3	3	3	5	6	3	3	13	13	2	2	3	6	3	3	2	2	17	9	4	4	6	5	12	15
UHA-0370	3	2	3	3	6	7	-9	-9	8	2	2	2	3	6	3	3	2	2	7	7	4	4	3	7	11	15
UHA-0371	3	3	3	3	6	6	-9	-9	8	9	2	2	12	8	3	3	2	2	26	6	4	4	6	7	12	14
UHA-0372	3	2	15	14	5	14	-9	-9	15	12	2	2	3	3	6	5	2	2	30	7	5	27	8	1	10	12
UHA-0373	3	2	13	13	5	5	-9	-9	-9	-9	2	2	4	5	6	10	5	5	5	5	19	14	10	7	10	8
UHA-0374	3	3	14	16	5	8	3	3	12	4	2	2	10	20	10	11	2	3	25	11	6	6	7	7	11	9
UHA-0375	2	2	15	16	2	10	3	3	10	10	2	2	4	4	6	10	2	3	5	5	4	5	10	4	10	9
UHA-0376	3	3	13	13	8	8	3	2	12	12	2	2	4	4	4	4	2	3	26	26	5	6	7	7	10	9
UHA-0377	3	3	3	4	5	4	3	3	13	9	2	2	3	10	3	3	2	2	24	7	4	4	6	7	12	15
UHA-0378	4	3	3	3	5	16	3	3	14	10	2	2	4	16	3	3	2	2	8	27	4	4	8	6	14	17
UHA-0380	4	3	3	3	5	10	-9	-9	13	11	2	2	3	5	3	3	2	2	21	24	4	4	6	6	12	12
UHA-0381	3	3	3	8	12	4	2	2	9	20	2	1	3	6	3	3	2	2	24	17	4	4	6	7	12	12
UHA-0382	4	4	3	8	5	10	3	3	14	9	2	2	3	3	3	3	2	2	6	18	4	4	7	4	12	12
UHA-0383	4	4	3	2	6	10	-9	-9	17	9	2	2	8	6	-9	-9	2	2	9	6	4	4	6	5	14	14
UHA-0384	3	3	3	3	5	6	2	2	11	19	2	2	4	14	3	3	-9	-9	9	18	4	4	7	7	12	15
UHA-0385	3	3	3	4	4	4	2	2	19	18	2	2	8	5	3	3	2	2	28	28	4	4	6	6	12	12
UHA-0386	3	2	3	3	5	7	-9	-9	13	21	2	2	13	13	3	3	2	2	10	3	4	4	6	6	15	15
UHA-0387	2	2	3	3	4	7	2	2	13	19	2	2	4	5	3	3	2	2	33	18	4	4	6	6	12	12
UHA-0388	4	2	3	3	5	8	3	3	19	19	2	2	4	6	3	3	2	2	17	33	4	4	8	6	12	17
UHA-0389	4	2	3	3	5	7	-9	-9	11	16	2	2	8	4	3	3	2	2	5	9	4	4	3	5	12	17
UHA-0390	2	2	3	3	5	7	3	3	8	19	2	2	4	4	3	3	2	2	6	18	4	4	6	7	12	18
UHA-0391	4	4	3	4	5	6	3	3	19	10	3	3	15	5	3	3	2	2	7	18	4	4	6	3	12	16
UHA-0392	4	4	3	3	5	15	3	3	13	14	2	2	3	12	3	3	2	2	12	7	4	4	6	6	6	12
UHA-0393	4	2	3	4	5	15	3	3	17	18	2	2	14	14	3	3	2	2	24	12	4	4	8	6	12	12
UHA-0394	3	1	3	3	8	17	3	3	8	12	2	2	3	5	3	3	2	2	7	6	4	4	6	4	14	17
UHA-0395	2	2	13	14	10	7	2	2	13	19	2	3	4	5	3	6	-9	-9	14	38	5	23	9	9	13	9
UHA-0396	2	1	13	14	5	3	2	2	11	19	2	3	8	9	3	4	3	3	5	14	5	23	9	7	9	9
UHA-0397	3	3	15	14	5	15	2	2	19	14	2	3	4	4	6	11	-9	-9	22	22	5	15	9	7	12	9
UHA-0398	3	3	15	8	11	2	5	2	12	22	2	2	9	5	3	5	3	3	21	8	4	8	10	7	10	9
UHA-0399	3	2	13	16	5	8	2	2	12	20	2	2	7	7	7	5	-9	-9	6	6	4	5	9	3	10	13
UHA-0400	3	3	13	14	2	8	2	2	15	12	2	3	3	4	8	8	2	2	25	5	5	6	2	2	10	9
UHA-0401	3	2	15	18	-9	-9	2	2	-9	-9	2	2	8	2	3	6	2	3	6	6	4	5	10	7	10	9
UHA-0402	3	3	-9	-9	-9	-9	2	2	-9	-9	2	2	8	4	5	5	2	2	8	18	5	22	10	9	10	9
UHA-0404	4	4	3	3	5	5	3	3	13	14	2	2	9	9	3	3	2	2	8	17	4	4	6	9	14	15
UHA-0405	3	3	15	18	5	5	2	2	8	16	2	2	3	6	5	5	2	2	14	28	4	23	9	7	14	9
UHA-0406	3	3	13	11	5	2	2	2	5	7	2	2	4	4	6	6	2	3	16	13	5	5	7	7	10	9
UHA-0407	3	3	15	16	5	5	2	2	15	11	2	2	3	9	6	6	4	4	22	22	5	22	7	7	10	14
UHA-0408	4	4	3	3	5	4	2	2	19	18	2	2	3	6	3	3	2	2	17	3	4	4	7	5	14	14
UHA-0409	3	3	14	14	1	5	2	2	15	12	2	2	9	5	6	5	2	2	31	24	5	5	9	1	9	9
UHA-0410	3	3	3	3	4	8	3	3	14	9	2	2	10	4	3	3	2	2	35	35	4	27	6	6	12	18
UHA-0411	3	3	14	16	1	5	2	2	15	12	2	2	8	9	6	4	-9	-9	24	9	5	5	7	1	9	9
UHA-0412	3	3	3	3	4	8	3	3	14	9	2	2	10	4	3	3	2	2	35	35	4	27	6	6	12	18
UHA-0413	3	3	11	18	5	2	3	3	13	7	2	2	4	4	3	3	3	3	16	24	5	18	9	7	10	13
UHA-0414	4	3	3	3	5	4	2	2	18	16	2	2	6	16	3	3	2	2	17	6	4	4	3	3	12	18
UHA-0415	4	2	3	3	4	7	2	2	14	18	2	1	10	6	3	3	2	2	8	27	4	4	6	3	12	18
UHA-0416	4	3	3	3	12	4	2	2	10	20	3	1	3	6	3	3	2	2	17	6	4	4	6	7	12	14
UHA-0417	4	3	3	3	5	16	3	3	15	14	2	1	4	4	3	3	2	2	19	7	4	4	8	6	14	8
UHA-0418	3	3	3	3	5	16	3	3	13	14	2	1	4	6	3	3	2	2	24	3	4	4	6	6	14	18
UHA-0419	4	3	3	3	5	4	3	3	13	10	2	2	6	5	3	3	2	2	17	10	4	4	3	3	12	17
UHA-0420	3	3	13	14	13	2	2	2	5	6	2	2	4	4	6	6	2	2	16	6	5	5	9	7	9	9
UHA-0421	3	3	15	18	6	8	2	2	13	17	2	2	12	5	5	9	2	1	8	10	5	21	10	7	12	12
UHA-0422	3	2	14	3	8	7	3	3	18	9	3	8	3	3	3	3	2	2	8	10	4	4	6	4	10	12
UHA-0423	4	3	3	3	5	7	2	2	14	14	2	2	11	13	3	3	2	2	25	6	4	4	6	7	14	14
UHA-0424	4	4	13	11	4	8	2	2	8	14	2	2	4	6	7	6	2	2	33	33	5	5	3	7	11	11
UHA-0425	3	5	14	18	2	8	2	2	17	16	2	2	4	5	2	6	3	3	7	33	27	16	8	8	10	14
UHA-0461	4	4	14	14	2	8	3	3	17	12	2	2	3	4	6	4	2	2	26	10	4	13	9	3	9	1
UHA-0462	-9	-9	14	19	8	7	2	2	17	10	2	2	11	9	5	5	3	3	32	10	4	11	10	9	9	9
UHA-0463	3	2	15	14	2	2	2	2	7	10	2	2	4	6	6	9	-9	-9	5	7	5	20	7	7	9	20
UHA-0464	3	3	13	14	11	2	2	2	11	7	2	2	4	6	7	6	3	3	5	7	4	20	7	7	10	20
UHA-0465	3	3	13	14	2	8	3	3	11	11	2	2	10	4	7	5	3	3	31	5	4	5	8	8	10	13
UHA-0466	3	5	14	14	5	5	2	2	12	16	2	2	4	5	6	5	2	2	20	6	5	5	10	3	10	11
UHA-0467	3	3	13	14	10	8	2	2	12	6	2	2	4	7	7	6	-9	-9	13	11	5	21	3	3	10	9
UHA-0468	4	3	17	20	12	8	3	3	8	12	2	2	4	9	6	11	3	3	35	11	5	5	8	10	13	9
UHA-0469	3	3	15	17	2	8	3	3	8	15	2	2	4	19	5	5	3	4	24	24	4	25	7	7	10	9
UHA-0470	3	3	14	14	4	8	2	2	11	18	2	2	3	12	5	8	2	2	25	7	5	21	3	7	10	11
UHA-0471	3	3	16	16	5	8	2	2	15	11	2	2	19	19	7	6	3	4	7	7	15	12	3	7	12	9
UHA-0472	2	2	14	14	1	10	2	2	11	12	2	2	4	2	6	6	-9	-9	25	14	11	11	3	7	10	9
UHA-0473	3	3	13	18	13	3	2	2	11	14	2	2	4	7	7	4	3	3	11	11	5	5	8	3	10	14
UHA-0474	3	3	13	14	2	4	3	3	11	12	2	2	4	11	6	6	2	3	14	6	11	6	10	7	10	9
UHA-0475	2	2	15	14	10	9	2	2	11	10	2	2	3	4	6	6	3	3	5	14	11	5	10	7	10	10
UHA-0180	7	7	13	13	1	8	2	2	15	11	2	2	4	5	5	5	2	2	11	37	5	5	9	7	11	9
UHA-0181	4	3	13	14	2	9	2	2	8	10	2	4	12	5	6	12	3	3	7	27	5	5	10	9	10	13
UHA-0182	3	5	14	10	2	8	2	2	16	6	2	3	3	11	9	13	-9	-9	4	4	5	29	8	8	14	11
UHA-0278	4	4	10	10	5	7	5	4	9	6	3	4	11	2	5	5	2	2	5	4	3	3	11	11	12	12
UHA-0279	4	4	3	4	5	6	3	3	13	16	2	2	3	5	3	3	2	2	8	6	4	4	6	6	12	9
UHA-0280	4	3	14	20	5	9	2	2	8	16	2	2	4	6	6	6	2	3	25	7	5	17	7	1	11	9
UHA-0291	4	4	3	3	4	20	3	3	19	14	2	2	7	7	3	3	2	2	7	6	4	4	6	6	12	18
UHA-0315	3	5	15	17	5	6	3	3	13	8	2	2	3	11	4	8	3	3	7	6	5	5	3	3	12	9
UHA-0328	4	4	13	16	5	7	2	2	11	14	2	2	4	4	6	5	3	3	39	39	5	5	10	9	10	9
UHA-0344	3	3	14	16	2	10	2	2	11	16	2	2	4	18	6	6	3	3	14	6	11	6	7	4	10	10
UHA-0351	3	3	13	6	6	10	3	5	15	15	2	3	4	11	1	1	2	2	31	22	4	4	8	3	6	10
