QS03797_1 MSQ13_1 QrZAG20_1 QS00314_1 QpZAG9_1 QS1904_1 MSQ4_1 QpZAG110_1 QS00562_1 QpZAG119_1 QrZAG87_1 QpZAG1-5_1 QM69-2M1_1 
UHA-0126 1 0 4 4 13 13 1 12 3 3 13 13 2 3 3 15 2 2 2 3 30 30 4 4 8 10 6 10
UHA-0127 1 0 3 3 13 15 13 13 5 5 -9 -9 2 3 12 12 2 2 -9 -9 30 34 4 4 8 6 10 12
UHA-0135 1 0 4 3 13 15 1 12 3 5 8 15 2 3 3 8 2 3 2 2 30 23 4 4 8 13 10 14
UHA-0166 1 0 4 2 6 6 13 11 3 3 13 15 2 3 12 10 1 7 2 3 21 31 4 4 8 9 11 11
UHA-0169 1 0 3 3 13 15 13 5 3 3 13 11 2 2 4 11 2 2 2 3 8 19 4 8 8 8 12 5
UHA-0058 1 0 3 3 13 6 13 6 3 3 15 15 3 7 4 7 2 1 -9 -9 31 8 4 4 8 3 6 6
UHA-0020 1 0 2 9 13 13 12 2 5 5 8 8 2 7 12 7 2 2 2 2 19 29 4 4 13 13 6 6
UHA-0023 1 0 3 9 13 13 13 11 3 5 8 15 2 2 -9 -9 -9 -9 2 2 19 19 4 4 8 13 6 6
UHA-0025 1 0 3 3 6 14 11 5 3 5 8 17 3 3 3 11 2 2 2 2 16 26 4 4 8 13 6 6
UHA-0026 1 0 3 2 13 6 12 6 3 3 15 11 2 3 12 12 2 2 -9 -9 31 16 4 4 8 3 6 10
UHA-0027 1 0 3 3 6 14 11 10 5 4 8 19 2 3 3 9 2 2 2 2 31 16 4 4 8 3 6 6
UHA-0028 1 0 3 2 15 6 12 10 5 5 8 15 2 3 12 9 2 2 2 2 23 29 4 4 8 13 6 14
UHA-0099 1 0 3 3 14 14 5 10 3 5 15 19 2 2 8 9 2 2 2 2 31 26 4 4 6 3 6 6
UHA-0029 1 0 3 2 6 14 1 12 3 4 8 15 2 2 12 8 2 3 2 2 31 31 4 4 8 13 6 6
UHA-0043 1 0 3 3 13 6 13 11 -9 -9 -9 -9 2 2 3 7 2 2 2 2 8 8 4 4 8 8 6 6
UHA-0045 1 0 3 9 13 13 6 2 3 5 15 15 2 2 12 12 2 2 2 2 19 22 4 4 8 13 6 10
UHA-0047 1 0 3 3 13 6 13 6 3 3 8 15 2 7 4 7 2 3 2 2 8 8 4 4 8 3 6 6
UHA-0050 1 0 2 2 13 6 12 13 3 3 8 11 2 3 12 12 2 2 2 3 8 16 4 4 8 13 6 6
UHA-0052 1 0 3 9 13 13 6 2 5 5 8 15 2 3 11 7 2 2 2 2 19 25 4 4 8 11 6 10
UHA-0056 1 0 4 4 13 14 12 13 3 5 15 15 2 2 -9 -9 2 2 2 2 19 24 4 4 8 6 6 6
UHA-0068 1 0 4 3 13 13 12 6 3 3 13 15 2 2 4 6 -9 -9 3 3 31 31 4 4 8 9 6 12
UHA-0070 1 0 4 3 13 6 12 13 3 3 13 12 2 2 12 4 2 2 2 3 30 19 4 4 8 9 12 11
UHA-0071 1 0 4 3 13 15 13 11 3 5 13 12 2 2 4 11 2 2 -9 -9 31 31 4 4 9 9 10 12
UHA-0075 1 0 3 3 -9 -9 13 6 -9 -9 15 12 2 2 4 4 2 2 2 2 19 22 4 4 8 9 6 11
UHA-0077 1 0 4 3 13 6 12 13 3 5 15 12 2 2 12 4 2 2 2 2 19 32 4 4 9 9 6 11
UHA-0079 1 0 3 3 6 6 13 13 3 5 13 13 2 2 4 4 2 2 3 3 31 31 4 4 8 9 11 11
UHA-0080 1 0 4 4 15 6 12 12 3 2 13 14 2 2 4 4 2 2 -9 -9 19 32 4 4 8 10 11 13
UHA-0081 1 0 4 3 13 6 12 13 3 5 13 12 2 2 12 4 2 2 -9 -9 31 31 4 4 8 9 12 11
UHA-0093 1 0 4 4 13 13 12 13 3 3 13 14 2 2 -9 -9 2 2 -9 -9 19 32 4 4 8 8 6 12
UHA-0094 1 0 4 3 13 15 1 12 3 3 19 18 2 3 12 12 2 2 3 3 19 29 4 4 8 10 10 12
UHA-0095 1 0 3 3 13 15 1 13 3 3 19 18 2 2 4 11 2 2 3 3 29 17 4 4 8 10 6 6
UHA-0096 1 0 3 3 13 13 1 13 3 5 -9 -9 2 2 -9 -9 2 2 -9 -9 19 29 4 4 8 10 6 12
UHA-0097 1 0 4 3 15 15 13 11 3 3 -9 -9 2 3 11 11 2 2 3 3 19 17 4 4 8 10 6 10
UHA-0098 1 0 3 3 13 14 1 13 3 4 8 15 2 7 12 8 2 3 2 2 31 19 4 4 8 13 6 6
UHA-0101 1 0 3 3 13 15 1 2 -9 -9 8 15 2 2 7 9 3 3 -9 -9 31 8 4 4 8 13 6 14
UHA-0105 1 0 3 3 15 14 1 12 5 4 17 19 2 3 8 9 2 2 2 2 23 23 4 4 8 3 6 14
UHA-0109 1 0 3 2 6 14 1 12 5 4 8 19 2 2 3 8 2 3 2 2 31 16 4 4 8 13 6 6
UHA-0111 1 0 4 3 13 14 12 10 5 5 15 17 2 3 8 11 2 2 2 2 23 23 4 4 8 8 6 14
UHA-0112 1 0 4 4 15 6 12 12 3 3 13 14 2 2 4 4 2 2 -9 -9 19 32 4 4 8 10 11 13
UHA-0298 1 0 3 3 13 6 6 10 3 5 15 15 2 3 4 11 2 2 2 2 31 22 4 4 8 3 6 10
UHA-0021 1 0 3 9 13 13 11 2 5 5 8 8 3 7 12 12 2 2 2 2 8 15 4 4 8 13 6 6
UHA-0022 1 0 3 3 6 14 11 10 5 5 8 15 2 2 12 9 2 2 2 2 16 16 4 4 8 13 6 6
UHA-0048 1 0 3 3 13 14 1 2 5 4 8 15 2 2 12 9 2 2 2 2 23 19 4 4 8 13 6 6
UHA-0049 1 0 3 9 15 15 1 13 3 4 15 19 2 7 12 9 2 2 2 2 31 19 4 4 8 8 6 14
UHA-0053 1 0 3 3 13 6 13 10 3 5 15 15 2 2 11 7 2 2 2 2 19 22 4 4 13 3 6 10
UHA-0054 1 0 3 3 13 13 2 10 3 5 15 15 2 7 12 12 2 2 2 2 19 22 4 4 8 3 6 10
UHA-0055 1 0 4 9 15 15 13 13 3 5 8 15 2 2 11 7 2 2 2 2 30 19 4 4 8 11 6 10
UHA-0069 1 0 4 3 13 15 13 11 3 3 13 19 2 2 12 4 2 2 3 3 19 29 4 4 8 9 10 12
UHA-0072 1 0 4 3 13 13 1 12 3 5 19 12 2 2 4 11 2 2 2 2 31 19 4 4 8 10 6 12
UHA-0073 1 0 4 3 13 6 12 13 3 3 13 18 2 2 4 4 2 2 3 3 30 31 4 4 8 9 11 11
UHA-0074 1 0 3 3 13 14 13 10 5 4 13 19 2 2 8 4 2 3 2 3 30 31 4 4 8 3 6 12
UHA-0076 1 0 4 3 13 13 1 12 3 5 13 13 2 2 4 11 2 2 3 3 31 29 4 4 8 9 6 12
UHA-0100 1 0 4 3 14 14 12 10 3 4 17 19 2 2 11 9 2 2 2 2 23 26 4 4 6 3 6 6
UHA-0102 1 0 3 3 6 14 1 6 3 5 15 19 2 3 11 9 2 2 2 2 31 22 4 4 3 3 6 6
UHA-0106 1 0 3 3 13 14 1 13 5 4 8 19 2 2 12 8 2 2 2 2 31 8 4 4 13 3 6 6
UHA-0110 1 0 4 3 15 14 12 10 5 5 15 15 2 2 11 9 2 2 2 2 23 23 4 4 6 3 6 14
UHA-0036 1 0 3 2 6 14 12 10 -9 -9 8 19 2 2 12 9 2 2 2 2 23 29 4 4 13 3 6 6
UHA-0037 1 0 3 3 6 14 11 10 5 4 15 11 2 2 3 9 2 3 2 3 31 29 4 4 8 13 6 6
UHA-0038 1 0 3 2 13 6 12 6 5 5 15 11 2 3 12 11 2 1 2 3 31 29 4 4 8 8 6 6
UHA-0089 1 0 4 4 15 6 12 11 3 3 13 13 2 2 12 4 2 2 3 3 31 29 4 4 9 9 10 11
UHA-0040 1 0 3 2 13 6 12 6 3 5 8 15 2 3 12 4 2 2 2 2 31 29 4 4 8 13 6 10
UHA-0041 1 0 3 9 6 6 13 11 3 5 8 8 2 7 3 7 2 2 2 2 19 16 4 4 8 13 6 6
UHA-0090 1 0 4 3 13 15 13 11 5 5 13 19 2 2 4 11 2 2 3 3 19 19 4 4 8 10 10 11
UHA-0059 1 0 3 9 14 14 1 2 5 5 15 15 2 7 12 9 2 2 2 2 23 8 4 4 8 8 6 6
UHA-0063 1 0 4 2 3 3 12 4 3 3 12 14 2 2 3 3 3 3 2 2 8 29 4 4 6 7 14 15
UHA-0082 1 0 3 3 15 6 1 13 3 5 13 13 2 2 12 4 2 2 3 3 31 19 4 4 8 9 6 11
UHA-0083 1 0 4 3 15 6 13 11 3 3 13 12 2 2 12 4 2 2 2 2 19 29 4 4 9 9 10 11
UHA-0084 1 0 4 3 13 13 1 12 3 5 19 12 2 2 4 11 2 2 2 2 19 29 4 4 9 9 6 12
UHA-0085 1 0 4 4 13 6 12 11 3 5 19 12 2 2 4 11 2 2 2 2 31 19 4 4 9 9 6 11
UHA-0086 1 0 4 4 13 6 12 11 3 5 19 12 2 2 4 11 2 2 2 2 31 19 4 4 9 9 10 11
UHA-0087 1 0 4 4 13 6 12 12 3 5 13 12 2 2 4 4 2 2 2 2 30 30 4 4 9 9 11 11
UHA-0088 1 0 3 3 13 13 13 13 3 5 12 14 2 2 4 4 2 2 2 2 30 19 4 4 9 9 6 12
UHA-0091 1 0 4 4 13 15 12 11 3 3 19 12 2 2 12 4 2 2 2 2 31 19 4 4 9 9 10 12
UHA-0113 1 0 3 3 13 14 1 13 5 5 15 19 2 2 7 9 2 2 2 2 23 19 4 4 8 3 6 6
UHA-0114 1 0 3 9 15 15 1 2 -9 -9 15 15 2 7 8 7 2 2 2 2 31 19 4 4 8 8 6 14
UHA-0115 1 0 3 3 6 14 5 10 3 3 15 15 2 2 4 11 -9 -9 2 2 31 26 4 4 8 6 6 6
UHA-0116 1 0 3 3 13 13 6 2 3 3 8 15 3 7 11 7 2 2 2 2 31 8 4 4 13 3 6 10
UHA-0118 1 0 3 2 6 6 12 10 3 5 8 15 2 3 12 11 2 2 2 2 31 16 4 4 8 8 6 6
UHA-0119 1 0 3 3 15 6 6 10 3 5 15 15 2 2 8 11 2 3 2 2 23 31 4 4 8 3 6 14
UHA-0120 1 0 3 3 13 15 10 10 5 5 15 19 2 3 8 11 2 2 2 2 31 31 4 4 3 3 10 14
UHA-0121 1 0 3 3 15 6 10 10 5 5 15 15 2 3 11 9 2 2 2 2 31 22 4 4 8 8 6 14
UHA-0122 1 0 3 3 15 6 6 10 3 5 15 15 2 3 11 9 3 1 2 2 31 22 4 4 8 3 6 14
UHA-0123 1 0 3 3 13 15 13 13 5 5 8 11 2 3 12 12 2 2 2 2 30 34 4 4 8 8 6 10
UHA-0124 1 0 3 3 13 15 13 6 3 5 8 11 2 2 12 12 2 2 2 2 -9 -9 4 4 8 13 6 10
UHA-0125 1 0 4 2 13 15 12 13 3 5 8 15 2 3 12 10 2 7 2 2 30 21 4 4 13 9 6 6
UHA-0128 1 0 3 3 13 15 13 6 5 5 13 14 2 2 4 4 -9 -9 2 3 30 34 4 4 8 6 10 12
UHA-0129 1 0 4 3 13 15 12 6 3 5 13 14 2 3 12 12 2 2 2 3 -9 -9 4 4 8 6 10 12
UHA-0130 1 0 4 4 13 15 12 13 3 5 13 11 2 3 3 11 2 2 2 3 30 34 4 4 8 8 6 10
UHA-0131 1 0 4 2 13 15 12 13 3 3 13 15 3 3 12 10 2 7 2 3 30 12 4 4 8 9 6 10
UHA-0132 1 0 4 2 13 6 12 13 3 5 13 15 3 3 12 7 2 2 2 3 12 12 4 4 8 9 10 11
UHA-0133 1 0 4 3 13 15 12 13 3 3 13 8 2 2 3 4 -9 -9 2 2 19 32 4 4 8 13 6 10
UHA-0134 1 0 3 3 13 15 13 13 5 5 13 11 2 2 4 4 2 2 -9 -9 34 32 4 4 8 8 6 10
UHA-0136 1 0 4 3 13 15 12 6 3 5 13 14 2 3 12 12 2 2 2 3 30 34 4 4 8 6 10 12
UHA-0137 1 0 4 4 13 15 12 13 3 5 13 11 2 3 12 4 2 2 2 3 30 34 4 4 8 8 6 12
UHA-0138 1 0 3 3 13 17 13 2 3 2 8 16 2 2 10 4 3 6 2 1 32 17 4 1 13 7 10 9
UHA-0139 1 0 3 3 13 13 13 2 3 5 8 8 2 2 3 7 2 2 2 2 19 32 4 4 13 13 6 10
UHA-0140 1 0 4 3 13 15 12 6 3 5 8 8 2 3 3 11 2 2 2 2 30 25 4 4 13 11 10 10
UHA-0141 1 0 4 3 13 14 1 12 3 4 8 15 2 2 3 8 3 1 2 2 23 32 4 4 8 13 6 10
UHA-0143 1 0 4 3 13 15 12 6 3 5 8 14 2 3 12 12 2 2 2 2 30 34 4 4 6 13 10 12
UHA-0144 1 0 3 3 13 15 13 13 5 5 13 14 2 3 3 4 2 2 2 3 32 32 4 4 8 6 6 12
UHA-0146 1 0 4 4 13 15 12 13 5 5 -9 -9 2 2 12 12 2 2 2 2 32 35 4 4 8 13 10 12
UHA-0147 1 0 3 3 13 15 13 6 5 5 8 11 2 2 3 11 2 2 -9 -9 34 32 4 4 8 13 10 12
UHA-0150 1 0 4 3 13 15 11 6 3 3 19 22 2 2 4 11 2 2 2 2 29 13 4 4 10 7 6 10
UHA-0162 1 0 4 3 13 14 11 11 3 2 13 9 2 2 -9 -9 2 5 2 2 30 8 4 11 9 7 6 9
UHA-0163 1 0 4 3 14 5 12 6 3 5 15 22 2 2 10 4 2 2 2 2 23 13 4 4 8 7 6 6
UHA-0164 1 0 4 3 13 15 11 6 3 3 15 19 2 2 12 6 2 2 -9 -9 -9 -9 4 4 10 10 6 2
UHA-0165 1 0 4 3 13 13 1 12 3 3 13 19 2 2 12 12 2 2 3 3 30 19 4 4 8 10 6 6
UHA-0167 1 0 3 9 6 6 13 2 -9 -9 -9 -9 2 2 12 4 2 2 -9 -9 8 19 4 4 8 13 6 11
UHA-0148 1 0 3 3 5 8 11 6 3 5 13 16 2 2 3 3 2 2 2 2 13 5 4 4 6 9 6 11
UHA-0151 1 0 3 3 13 5 6 6 3 3 15 22 2 2 4 4 2 2 2 2 31 13 4 4 9 3 6 10
UHA-0152 1 0 4 4 13 13 13 11 3 3 13 15 2 7 4 7 2 2 2 2 19 13 4 4 8 9 6 6
UHA-0153 1 0 3 9 5 5 13 6 3 3 15 22 2 2 4 7 2 2 2 2 19 13 4 4 8 9 6 6
UHA-0154 1 0 4 4 13 14 13 11 5 5 13 15 2 2 10 20 2 2 2 2 30 23 4 4 8 9 6 6
UHA-0155 1 0 4 3 15 5 1 11 3 5 13 19 2 2 4 9 2 2 2 2 23 13 4 4 9 3 6 14
UHA-0156 1 0 4 8 13 14 13 11 3 3 13 9 2 2 5 5 2 2 2 2 30 25 4 4 8 9 6 4
UHA-0157 1 0 4 4 14 5 12 11 3 5 13 15 2 2 4 9 -9 -9 2 2 30 23 4 4 6 9 6 6
UHA-0158 1 0 4 3 13 6 12 6 3 5 22 21 2 2 4 9 2 2 2 3 30 23 4 4 7 7 6 12
UHA-0159 1 0 3 3 13 13 6 2 3 5 8 22 2 2 12 4 2 2 2 2 8 29 4 4 13 7 6 6
UHA-0160 1 0 4 3 15 5 1 11 3 4 19 22 2 2 4 9 2 3 2 2 23 13 4 4 8 9 6 14
UHA-0161 1 0 4 4 13 13 13 11 3 3 15 22 2 7 12 4 2 2 2 2 19 13 4 4 8 7 6 6
UHA-0426 1 0 4 3 13 15 11 6 3 5 13 11 2 2 3 12 2 2 2 3 31 20 4 4 8 8 6 12
UHA-0427 1 0 4 9 15 15 12 2 3 3 15 18 2 7 12 4 2 2 2 3 19 19 4 4 8 8 6 6
UHA-0428 1 0 4 4 15 15 12 11 3 5 19 18 2 2 12 4 2 2 3 3 30 17 4 4 8 10 6 10
UHA-0429 1 0 3 3 13 14 5 6 3 3 15 22 2 2 9 20 2 2 2 2 26 13 4 4 6 7 6 6
UHA-0430 1 0 3 9 5 5 13 6 3 3 13 15 2 2 12 4 2 2 2 2 30 8 4 4 8 9 6 6
UHA-0431 1 0 3 9 5 5 6 2 3 5 15 22 2 2 12 20 2 2 2 2 30 8 4 4 8 7 6 6
UHA-0432 1 0 3 3 13 14 5 6 3 3 13 17 2 2 4 11 2 2 -9 -9 26 13 4 4 6 9 6 6
UHA-0433 1 0 4 3 13 14 12 6 3 5 13 15 2 2 4 9 2 2 2 2 30 23 4 4 6 9 6 6
UHA-0434 1 0 3 3 15 5 6 15 3 5 13 17 2 2 10 4 2 2 3 3 19 13 4 4 8 9 6 2
UHA-0435 1 0 3 3 13 13 13 13 5 5 8 21 3 3 12 6 2 2 2 2 30 24 4 4 8 6 6 13
UHA-0436 1 0 4 4 13 15 12 13 3 5 13 11 2 3 3 11 2 2 2 3 34 32 4 4 8 8 6 10
UHA-0437 1 0 4 3 13 15 12 6 3 5 8 11 2 3 12 12 2 2 2 2 30 34 4 4 8 13 6 6
UHA-0438 1 0 4 4 13 15 12 13 5 5 8 14 2 2 3 11 2 2 2 2 30 35 4 4 6 13 10 12
UHA-0439 1 0 4 9 13 13 12 13 3 5 8 8 2 2 12 12 2 1 2 2 30 8 4 4 13 13 6 6
UHA-0440 1 0 3 9 13 13 13 6 3 3 8 15 2 3 12 12 2 1 2 2 8 22 4 4 13 3 6 10
UHA-0441 1 0 3 3 13 6 13 11 3 5 8 8 2 3 12 12 2 2 2 2 19 16 4 4 8 13 6 6
UHA-0442 1 0 3 2 13 13 12 13 3 3 8 15 3 7 12 7 2 2 2 2 8 29 4 4 8 13 6 6
UHA-0443 1 0 3 9 15 15 13 10 3 5 8 15 2 2 12 8 2 3 2 2 23 8 4 4 8 13 6 14
UHA-0444 1 0 3 9 15 15 1 13 3 4 15 19 2 2 12 8 2 2 2 2 23 19 4 4 8 3 6 14
UHA-0445 1 0 3 3 13 14 13 10 5 5 15 15 2 2 12 9 2 2 2 2 23 19 4 4 8 8 6 6
UHA-0446 1 0 4 9 13 13 2 8 3 5 8 11 2 3 12 7 2 2 2 2 30 19 4 4 8 13 6 6
UHA-0447 1 0 3 3 13 14 1 13 3 4 15 15 2 7 12 8 2 3 2 2 31 8 4 4 8 3 6 6
UHA-0448 1 0 3 3 13 15 1 13 3 4 8 15 2 7 12 8 2 2 2 2 23 19 4 4 8 8 6 14
UHA-0449 1 0 3 3 13 14 13 10 5 5 15 15 2 7 7 9 3 3 2 2 23 8 4 4 8 8 6 6
UHA-0450 1 0 3 3 13 15 1 13 3 4 8 19 2 2 8 7 2 2 2 2 31 8 4 4 13 3 6 14
UHA-0451 1 0 3 9 15 15 1 13 3 4 15 19 2 2 12 9 2 2 2 2 23 8 4 4 8 3 6 14
UHA-0452 1 0 3 9 14 14 1 2 5 4 15 15 2 2 12 9 3 3 2 2 31 19 4 4 8 8 6 6
UHA-0453 1 0 3 3 13 15 13 10 3 4 15 19 2 2 12 8 2 2 2 2 23 19 4 4 8 3 6 14
UHA-0454 1 0 3 3 13 14 2 10 5 5 15 15 2 2 8 7 2 3 2 2 31 8 4 4 8 13 6 6
UHA-0455 1 0 3 9 14 14 2 10 5 5 8 15 2 2 12 8 2 2 2 2 23 19 4 4 8 13 6 6
UHA-0456 1 0 3 3 13 15 13 10 3 4 15 15 2 2 12 9 2 2 2 2 23 8 4 4 8 13 6 14
UHA-0457 1 0 3 3 14 14 1 5 3 4 15 15 2 3 9 9 2 3 2 2 23 23 4 4 8 8 6 6
UHA-0458 1 0 3 3 14 14 1 5 3 4 15 15 2 3 8 11 2 2 2 2 23 26 4 4 8 8 6 6
UHA-0459 1 0 4 3 15 14 12 10 3 5 15 17 2 3 8 9 2 3 2 2 23 31 4 4 8 8 6 14
UHA-0460 1 0 3 3 13 15 2 10 3 5 8 15 2 7 12 9 2 3 2 2 31 19 4 4 8 13 6 14
UHA-0001 2 0 3 3 3 3 5 6 3 2 14 18 2 2 3 7 3 3 2 2 8 14 4 4 6 7 12 17
UHA-0002 2 0 3 3 3 4 1 5 3 2 11 5 1 1 4 7 3 5 2 2 10 28 4 4 9 7 12 14
UHA-0003 2 0 3 2 3 3 1 8 3 3 14 21 2 2 3 8 3 3 2 2 22 13 4 4 3 3 12 15
UHA-0004 2 0 5 5 13 12 9 16 3 3 15 12 2 2 8 6 7 4 1 1 10 11 -9 -9 3 3 11 9
UHA-0005 2 0 5 5 14 11 10 9 3 3 14 7 2 2 6 1 4 4 2 2 8 5 4 4 10 6 11 9
UHA-0006 2 0 5 5 14 11 12 9 3 3 14 16 2 2 9 6 5 5 3 3 5 4 4 4 10 3 9 9
UHA-0007 2 0 4 3 17 9 5 8 2 2 17 16 2 2 8 4 6 5 2 2 7 9 4 4 7 14 10 11
UHA-0008 2 0 3 3 15 11 11 5 2 2 16 16 2 2 4 5 6 9 2 3 16 16 4 4 10 7 10 9
UHA-0009 2 0 4 3 13 15 13 11 3 3 13 18 2 2 12 4 2 3 3 3 31 31 4 4 8 8 6 12
UHA-0010 2 0 4 3 13 13 12 13 3 5 13 8 2 3 3 12 -9 -9 2 3 32 32 4 4 8 13 6 10
UHA-0011 2 0 4 3 13 15 13 11 3 3 13 18 2 3 12 4 2 2 3 3 19 17 4 4 8 8 6 6
UHA-0012 2 0 4 3 13 5 11 6 3 3 13 22 2 2 4 20 2 2 2 2 30 13 4 4 9 7 6 6
UHA-0013 2 0 4 3 13 6 13 11 3 3 13 17 2 2 12 4 2 2 3 3 31 19 4 4 8 8 12 11
UHA-0014 2 0 4 3 13 6 12 13 3 5 13 12 2 2 4 4 2 2 2 3 31 19 4 4 8 9 12 11
UHA-0015 2 0 4 3 13 15 12 13 3 3 13 18 2 3 12 4 3 3 3 3 19 17 4 4 8 8 6 12
UHA-0016 2 0 4 3 13 15 12 6 3 3 13 15 2 2 -9 -9 -9 -9 3 3 32 32 4 4 8 10 6 2
UHA-0017 2 0 3 3 10 18 13 4 2 2 12 16 2 2 11 9 4 4 -9 -9 7 6 4 5 9 9 14 11
UHA-0018 2 0 3 3 13 18 8 3 2 2 16 21 2 2 9 5 7 8 3 3 -9 -9 4 5 10 9 11 9
UHA-0183 2 0 3 2 3 4 6 7 3 3 19 19 2 2 5 13 3 3 -9 -9 8 9 4 4 3 7 14 14
UHA-0184 2 0 4 4 3 3 5 5 3 3 14 18 2 4 4 4 3 3 2 2 6 6 4 4 6 7 12 12
UHA-0186 2 0 4 2 3 4 5 8 3 3 22 21 2 2 3 4 3 3 2 2 8 13 4 4 3 7 12 18
UHA-0187 2 0 4 4 3 4 6 6 3 3 13 13 2 2 4 5 3 3 2 2 9 9 4 4 6 6 11 9
UHA-0188 2 0 3 2 3 3 5 7 3 3 8 14 2 2 8 8 3 3 2 2 7 3 4 4 8 6 11 17
UHA-0191 2 0 4 4 3 3 6 6 3 3 11 18 2 1 13 17 3 3 2 2 8 8 4 4 6 6 17 17
UHA-0193 2 0 5 5 12 2 13 4 3 3 11 16 2 2 3 5 4 4 3 3 4 7 -9 -9 3 3 11 9
UHA-0194 2 0 3 3 12 12 9 9 4 2 14 7 2 6 3 6 -9 -9 -9 -9 8 8 2 2 3 7 14 9
UHA-0195 2 0 3 3 11 11 15 9 -9 -9 16 5 2 2 3 3 4 4 -9 -9 4 6 -9 -9 3 7 9 9
UHA-0196 2 0 3 3 12 16 6 10 3 3 9 9 2 2 3 7 4 4 2 2 8 4 -9 -9 3 7 11 11
UHA-0197 2 0 5 5 8 2 12 14 3 3 8 16 2 2 10 7 4 4 -9 -9 8 4 -9 -9 10 3 9 9
UHA-0198 2 0 2 5 8 12 2 8 3 3 12 14 2 2 11 7 6 9 3 3 28 4 -9 -9 11 11 9 9
UHA-0202 2 0 5 5 11 11 13 13 3 3 12 10 2 3 5 14 6 6 2 2 9 1 -9 -9 3 7 10 11
UHA-0205 2 0 3 3 11 11 10 15 3 3 16 7 2 2 3 4 4 4 2 2 4 4 -9 -9 3 3 9 9
UHA-0207 2 0 5 5 13 12 9 16 3 3 15 12 2 2 8 6 7 4 1 1 10 11 -9 -9 3 3 11 9
UHA-0208 2 0 3 2 13 12 2 4 3 3 13 12 2 2 9 9 5 5 3 3 4 9 -9 -9 3 3 9 9
UHA-0210 2 0 3 3 8 11 13 11 -9 -9 8 12 2 2 12 5 2 2 2 2 16 35 4 4 10 9 6 14
UHA-0211 2 0 3 3 7 7 4 4 3 3 1 4 1 1 4 5 3 4 3 3 8 3 -9 -9 3 4 15 1
UHA-0212 2 0 3 3 7 7 4 4 3 3 1 4 1 1 -9 -9 3 4 3 3 8 3 -9 -9 3 4 15 1
UHA-0213 2 0 3 3 3 11 5 5 3 6 13 13 2 2 4 6 3 5 2 2 4 4 4 3 6 6 12 14
UHA-0214 2 0 3 3 3 10 5 5 6 6 18 9 2 4 6 14 3 4 2 2 4 6 4 3 7 4 12 14
UHA-0215 2 0 3 3 13 13 5 4 3 3 13 16 2 2 8 9 3 5 2 2 8 8 4 4 3 4 9 17
UHA-0216 2 0 4 3 13 3 4 9 2 2 13 5 2 1 -9 -9 3 5 -9 -9 6 3 4 4 3 7 12 9
UHA-0217 2 0 3 3 3 11 6 4 3 3 13 13 2 2 3 12 3 5 2 2 6 3 4 4 3 3 10 15
UHA-0218 2 0 4 4 3 11 4 4 2 2 13 17 2 2 3 16 3 5 2 2 23 6 4 4 6 3 10 14
UHA-0219 2 0 4 3 13 17 8 7 3 3 13 10 2 2 9 9 3 4 -9 -9 7 9 -9 -9 3 7 9 9
UHA-0220 2 0 3 3 13 9 1 8 2 2 13 9 2 2 3 19 3 3 2 2 8 6 4 4 3 3 14 9
UHA-0221 2 0 3 2 13 12 4 15 3 3 12 14 2 2 5 5 4 4 2 2 6 6 15 15 9 7 11 9
UHA-0222 2 0 -9 -9 13 12 4 15 3 3 12 14 2 2 5 5 4 4 2 2 6 6 15 15 9 7 11 9
UHA-0223 2 0 2 5 13 11 5 3 3 3 15 21 2 2 3 3 7 4 2 2 7 9 11 11 9 7 10 14
UHA-0224 2 0 4 3 13 15 12 6 3 3 13 15 2 2 12 6 2 2 3 3 32 32 4 4 8 10 6 2
UHA-0225 2 0 4 2 14 11 13 3 2 2 12 4 2 2 8 8 3 7 2 2 22 3 4 4 10 5 9 9
UHA-0226 2 0 4 4 11 11 12 9 2 2 12 4 2 2 8 10 7 6 2 2 22 28 4 5 5 5 13 9
UHA-0227 2 0 3 2 13 13 12 3 2 2 11 21 2 2 3 3 7 4 2 2 29 7 11 5 8 8 10 13
UHA-0228 2 0 3 2 13 13 10 3 2 2 12 21 2 2 4 4 7 5 2 2 7 7 11 11 9 9 10 13
UHA-0229 2 0 3 3 10 18 13 4 2 2 12 16 2 2 11 9 4 4 -9 -9 7 6 4 5 9 9 14 11
UHA-0230 2 0 -9 -9 11 16 10 7 3 3 17 19 2 2 4 4 6 5 2 2 10 3 4 4 8 7 11 9
UHA-0231 2 0 4 3 17 9 5 8 2 2 11 16 2 2 4 18 6 5 2 5 6 6 4 18 8 10 10 9
UHA-0232 2 0 4 5 9 16 4 8 2 2 11 17 2 2 8 7 5 5 2 2 6 6 4 4 9 7 13 9
UHA-0233 2 0 3 3 15 8 5 7 2 2 16 5 2 2 4 6 -9 -9 2 3 8 6 4 4 10 10 9 9
UHA-0238 2 0 4 4 15 8 5 9 2 2 11 12 2 2 6 13 7 4 2 4 -9 -9 4 5 8 10 10 9
UHA-0239 2 0 3 3 15 14 8 9 2 2 13 11 2 2 4 4 6 4 2 2 17 15 4 12 8 8 10 9
UHA-0240 2 0 4 4 13 15 8 9 2 2 11 11 2 2 5 5 7 4 2 2 21 22 5 12 7 7 10 13
UHA-0241 2 0 3 3 15 17 13 2 2 2 10 10 2 2 4 4 4 8 3 3 9 9 5 5 9 7 10 13
UHA-0242 2 0 3 3 13 19 5 8 2 2 7 3 2 2 4 11 4 8 2 3 10 10 5 5 9 12 10 9
UHA-0243 2 0 3 5 13 16 5 8 2 2 17 16 2 2 5 5 8 8 -9 -9 10 10 5 5 7 1 10 9
UHA-0244 2 0 3 2 13 11 12 8 3 2 5 3 2 2 5 5 3 8 2 2 14 10 4 5 7 1 10 11
UHA-0245 2 0 3 3 14 14 4 3 2 2 14 4 2 2 9 9 3 3 -9 -9 12 14 4 4 10 10 9 9
UHA-0246 2 0 3 2 13 14 13 5 2 2 11 5 2 2 4 5 5 4 2 3 -9 -9 4 5 7 7 10 13
UHA-0247 2 0 3 5 15 14 2 8 5 2 12 10 2 2 3 3 7 7 -9 -9 10 10 5 19 10 6 10 12
UHA-0248 2 0 3 3 8 9 1 1 3 3 9 9 2 2 12 12 3 4 2 2 17 17 4 4 8 8 8 16
UHA-0249 2 0 3 3 8 9 1 1 3 3 8 20 2 2 14 14 4 4 -9 -9 17 17 4 4 8 10 11 11
UHA-0251 2 0 3 10 7 7 10 10 3 1 9 9 2 1 5 5 2 4 3 1 6 2 5 19 6 7 14 18
UHA-0252 2 0 3 3 12 10 10 4 3 4 11 9 2 2 -9 -9 2 2 1 4 11 4 11 23 3 3 19 19
UHA-0254 2 0 4 2 15 16 3 3 4 6 8 4 2 1 -9 -9 3 5 3 3 5 3 9 9 7 7 11 15
UHA-0255 2 0 4 3 12 12 13 13 5 4 9 9 2 2 -9 -9 5 4 2 3 6 6 8 12 10 10 15 9
UHA-0256 2 0 3 3 15 6 13 6 5 5 21 20 2 2 4 4 -9 -9 2 2 21 24 -9 -9 10 10 6 12
UHA-0257 2 0 3 3 15 14 1 10 5 4 15 19 2 2 8 9 2 3 2 2 23 31 4 4 8 3 6 14
UHA-0258 2 0 4 3 14 14 12 5 3 5 15 17 2 3 9 9 2 2 -9 -9 26 24 4 4 8 6 6 6
UHA-0259 2 0 3 3 15 15 13 6 5 5 11 14 2 2 4 11 -9 -9 2 2 34 33 4 4 8 6 6 12
UHA-0260 2 0 3 9 13 13 13 2 3 5 8 15 2 7 12 7 2 2 2 2 8 19 4 4 8 13 6 6
UHA-0261 2 0 3 2 13 6 12 11 3 5 8 11 2 3 3 12 2 2 2 2 16 16 4 4 8 13 6 6
UHA-0262 2 0 4 3 13 6 12 13 3 3 13 12 2 2 12 4 2 2 2 2 30 17 4 4 9 9 12 11
UHA-0263 2 0 4 3 13 6 12 13 3 3 13 12 2 3 12 12 2 2 2 3 30 17 4 4 8 9 6 11
UHA-0264 2 0 4 3 13 15 11 6 3 3 13 15 2 2 4 6 2 2 3 3 24 24 4 4 8 10 6 2
UHA-0265 2 0 4 3 13 15 12 13 3 3 13 14 2 3 4 4 2 2 3 3 32 32 4 4 8 10 6 13
UHA-0266 2 0 4 3 13 15 1 11 3 5 13 19 2 2 11 11 2 2 -9 -9 19 29 4 4 10 9 6 10
UHA-0267 2 0 4 3 13 6 12 13 3 5 13 18 2 2 4 4 2 2 3 3 31 19 4 4 8 8 12 11
UHA-0273 2 0 -9 -9 15 6 4 18 3 7 8 8 2 2 3 3 7 4 2 3 8 1 4 15 6 5 5 9
UHA-0282 2 0 3 3 13 11 1 1 2 2 8 5 2 2 3 3 6 6 2 2 7 6 5 5 7 7 13 9
UHA-0283 2 0 4 4 3 3 5 5 -9 -9 12 9 2 2 4 4 3 3 2 2 8 8 4 4 7 7 12 15
UHA-0284 2 0 3 3 14 1 12 9 2 2 15 21 2 2 4 9 7 4 2 2 14 7 4 5 7 7 11 13
UHA-0285 2 0 4 3 3 3 5 4 3 3 9 5 2 2 6 6 3 3 2 2 8 6 4 4 7 5 12 18
UHA-0286 2 0 3 3 3 3 11 5 2 2 15 21 2 4 15 5 3 8 2 2 8 5 4 4 7 4 12 12
UHA-0287 2 0 4 4 3 8 5 4 -9 -9 14 21 2 2 5 5 3 3 -9 -9 9 3 4 4 7 4 -9 -9
UHA-0288 2 0 3 3 14 14 5 7 2 2 12 21 2 2 4 4 -9 -9 2 2 13 13 8 5 9 3 6 9
UHA-0289 2 0 3 2 13 10 8 8 2 2 18 10 2 2 4 4 6 6 -9 -9 10 10 5 9 7 4 10 9
UHA-0294 2 0 3 3 14 17 1 2 3 3 14 10 2 2 15 4 7 5 -9 -9 5 5 5 20 8 10 9 9
UHA-0295 2 0 -9 -9 11 9 6 2 3 3 15 16 2 2 3 4 7 7 -9 -9 7 7 4 5 7 1 11 13
UHA-0299 2 0 3 3 13 13 8 8 2 2 11 19 2 2 5 5 6 8 3 3 16 5 27 27 9 3 10 11
UHA-0300 2 0 4 3 3 3 5 5 3 3 16 9 2 2 14 14 3 4 2 2 9 3 4 4 6 3 12 14
UHA-0301 2 0 4 4 13 15 5 8 2 2 11 10 2 2 4 4 4 4 3 3 35 35 5 5 9 3 13 8
UHA-0302 2 0 3 7 13 18 1 8 2 2 13 14 2 3 4 9 5 4 -9 -9 7 9 5 5 10 9 9 9
UHA-0303 2 0 4 3 14 14 5 8 3 3 11 17 2 2 4 6 5 4 2 3 26 26 4 5 9 9 14 9
UHA-0304 2 0 3 3 14 10 4 3 2 2 21 20 2 2 3 12 3 5 2 2 33 33 5 5 7 7 10 9
UHA-0305 2 0 4 4 13 9 8 7 2 2 22 10 2 2 4 4 7 4 -9 -9 35 20 5 5 3 7 10 8
UHA-0306 2 0 4 3 13 14 10 8 2 2 8 22 2 2 4 11 6 4 -9 -9 -9 -9 11 5 10 10 9 8
UHA-0307 2 0 3 3 15 15 11 2 2 2 15 16 2 2 7 5 7 9 2 2 23 18 12 6 10 1 12 9
UHA-0308 2 0 4 4 13 13 5 8 -9 -9 12 10 2 2 3 3 4 4 -9 -9 20 10 5 5 9 3 14 8
UHA-0309 2 0 3 3 15 14 2 4 2 2 16 6 2 2 5 5 7 8 2 2 7 18 11 12 10 1 12 12
UHA-0310 2 0 3 5 11 16 11 2 2 2 15 10 2 2 7 5 5 8 3 3 25 7 6 22 10 10 14 9
UHA-0311 2 0 4 6 3 3 4 20 3 3 18 16 2 2 7 18 3 3 2 2 8 6 4 4 6 3 12 18
UHA-0312 2 0 4 4 13 15 8 9 2 2 15 10 2 2 3 3 3 4 -9 -9 18 36 5 5 10 3 14 8
UHA-0313 2 0 4 3 15 20 8 9 2 2 15 11 2 2 4 4 3 5 2 1 9 18 5 12 10 10 14 14
UHA-0314 2 0 3 3 3 3 6 7 3 3 8 21 2 1 -9 -9 -9 -9 -9 -9 5 6 4 4 8 6 12 12
UHA-0316 2 0 3 3 15 14 2 10 2 2 15 11 2 2 12 4 5 5 2 1 7 7 4 6 10 7 12 9
UHA-0317 2 0 3 3 14 17 13 5 2 2 16 5 2 2 3 7 3 3 -9 -9 31 31 27 14 11 1 10 10
UHA-0318 2 0 3 3 15 16 8 3 2 2 11 6 2 2 3 9 6 5 -9 -9 7 7 4 5 10 3 11 11
UHA-0319 2 0 3 6 3 3 7 20 3 3 18 16 2 2 3 3 3 3 2 2 5 7 4 4 6 3 12 12
UHA-0320 2 0 4 6 3 3 12 20 3 3 14 18 2 2 3 11 3 3 2 2 32 6 4 4 3 7 12 14
UHA-0321 2 0 4 3 13 15 8 8 2 2 19 4 2 2 4 9 4 4 -9 -9 37 37 5 19 10 3 11 9
UHA-0322 2 0 4 3 15 18 10 9 2 2 11 14 2 3 3 12 6 8 2 2 7 7 21 21 3 7 12 11
UHA-0323 2 0 3 3 3 11 12 7 3 3 18 5 2 2 3 3 3 3 2 2 6 18 4 4 3 7 12 8
UHA-0324 2 0 -9 -9 3 3 11 5 3 3 19 14 2 2 4 4 3 3 2 2 25 6 4 4 6 4 12 12
UHA-0325 2 0 3 3 3 3 5 10 3 3 13 19 2 2 10 9 3 3 2 2 8 6 4 4 4 4 12 17
UHA-0326 2 0 4 3 3 3 5 5 2 2 14 16 2 2 4 4 3 3 2 2 25 13 4 4 3 5 12 12
UHA-0327 2 0 3 3 3 3 5 5 3 3 13 19 2 2 4 5 -9 -9 2 2 25 10 4 4 6 4 12 12
UHA-0329 2 0 4 3 13 14 8 8 2 2 12 12 2 2 4 5 5 4 2 2 6 6 5 16 10 4 11 1
UHA-0330 2 0 3 2 14 16 2 10 2 2 11 9 2 2 3 3 5 5 2 3 9 9 4 5 9 9 9 8
UHA-0331 2 0 4 2 -9 -9 6 4 -9 -9 -9 -9 2 2 11 5 3 3 2 2 17 7 4 4 6 7 12 12
UHA-0332 2 0 3 3 13 17 13 2 2 2 15 14 2 2 6 5 6 6 3 3 5 5 20 28 10 1 10 9
UHA-0333 2 0 4 3 3 3 6 19 3 3 14 20 2 2 3 3 3 3 2 2 7 9 4 4 6 7 12 12
UHA-0334 2 0 3 3 3 3 5 5 3 3 9 5 2 2 9 9 3 3 2 2 8 8 4 4 7 4 12 3
UHA-0335 2 0 -9 -9 13 18 5 7 2 2 11 12 2 2 -9 -9 5 5 3 3 8 8 5 25 9 9 10 9
UHA-0337 2 0 3 5 13 13 1 2 2 2 13 12 2 2 3 3 6 5 2 2 8 12 5 6 10 3 10 9
UHA-0338 2 0 3 6 3 9 5 5 3 3 9 23 2 2 12 5 -9 -9 2 2 7 7 4 4 3 7 12 14
UHA-0339 2 0 4 3 3 3 5 5 2 2 18 21 2 2 9 9 3 4 2 2 3 3 4 4 7 7 12 12
UHA-0340 2 0 3 3 17 12 12 13 2 2 15 17 2 2 10 5 5 5 2 2 6 6 4 5 3 7 10 8
UHA-0343 2 0 3 3 3 3 11 5 2 2 15 21 2 4 15 5 3 8 2 2 8 5 4 4 7 4 12 12
UHA-0345 2 0 4 3 14 17 2 8 2 2 16 10 2 2 4 4 5 9 3 3 32 13 5 9 8 7 11 9
UHA-0346 2 0 3 2 11 9 5 5 -9 -9 16 7 2 2 3 5 3 7 2 2 26 7 5 5 9 7 10 16
UHA-0347 2 0 3 2 15 14 11 5 2 2 11 17 2 2 3 4 5 4 -9 -9 30 30 6 10 10 7 13 9
UHA-0348 2 0 5 5 13 18 2 8 2 2 13 16 2 2 3 10 5 8 2 2 23 23 25 24 10 3 10 10
UHA-0349 2 0 4 4 15 11 2 8 -9 -9 17 5 2 2 -9 -9 7 8 -9 -9 23 16 5 6 10 7 10 9
UHA-0350 2 0 4 3 3 3 5 5 3 3 13 8 2 2 4 4 3 3 2 2 7 27 4 4 7 7 12 14
UHA-0354 2 0 3 3 12 16 12 2 3 3 11 17 2 2 7 5 5 5 2 2 27 27 6 6 6 7 9 8
UHA-0352 2 0 3 3 11 18 1 8 2 2 7 7 2 2 3 3 7 9 -9 -9 24 9 4 22 7 7 10 10
UHA-0353 2 0 4 3 14 16 1 8 2 2 11 5 2 2 3 4 6 6 -9 -9 4 27 5 5 9 3 12 9
UHA-0172 2 0 5 5 8 11 9 16 3 3 16 7 2 2 3 6 7 4 2 3 4 7 5 6 11 7 11 9
UHA-0174 2 0 3 2 15 15 1 8 3 3 8 6 2 2 10 11 6 6 2 2 4 7 5 6 6 7 11 9
UHA-0175 2 0 3 3 15 11 1 15 2 2 8 11 2 2 12 4 5 5 3 3 10 10 5 5 10 7 11 13
UHA-0176 2 0 4 2 3 3 12 4 3 3 12 14 2 2 3 3 3 3 2 2 8 29 4 4 6 7 14 15
UHA-0177 2 0 3 3 14 14 11 11 2 2 12 9 2 2 -9 -9 5 5 2 2 8 10 4 11 8 7 9 9
UHA-0178 2 0 4 4 3 4 12 12 3 3 12 12 2 2 3 3 3 3 2 2 3 18 4 4 6 7 12 14
UHA-0179 2 0 5 5 12 2 11 10 3 2 12 12 2 1 4 6 3 4 4 4 8 2 -9 -9 3 7 11 9
UHA-0189 2 0 3 3 3 3 5 6 3 3 8 14 2 2 8 13 3 3 2 2 7 3 4 4 8 6 14 11
UHA-0190 2 0 4 3 3 3 5 6 3 3 8 9 2 2 7 13 3 3 2 2 10 3 4 4 3 4 14 11
UHA-0199 2 0 3 5 15 12 7 7 3 3 14 14 2 2 3 11 6 4 2 2 4 6 -9 -9 3 4 11 9
UHA-0276 2 0 4 4 11 10 6 4 4 4 9 9 4 4 5 2 6 5 2 2 11 1 3 3 7 7 12 14
UHA-0277 2 0 4 4 -9 -9 5 7 4 4 9 10 3 5 10 2 3 9 2 2 12 11 3 3 7 4 12 14
UHA-0203 2 0 5 5 8 11 10 14 3 3 14 16 2 2 3 3 4 4 2 4 4 4 -9 -9 4 5 11 11
UHA-0204 2 0 5 5 12 12 14 21 3 3 13 12 2 2 3 10 7 4 2 2 4 4 5 6 10 4 11 9
UHA-0234 2 0 3 2 13 16 6 8 2 2 16 16 2 2 3 3 7 5 2 2 10 6 5 5 10 4 11 13
UHA-0235 2 0 3 3 13 11 8 8 3 3 15 16 2 2 10 4 6 5 1 1 16 24 4 5 10 4 11 13
UHA-0236 2 0 5 5 15 16 4 7 3 3 12 16 2 2 10 4 5 12 2 2 8 9 4 4 10 7 12 9
UHA-0268 2 0 3 3 15 17 13 13 4 4 13 17 2 3 8 4 2 2 2 2 29 29 4 4 10 3 2 8
UHA-0269 2 0 3 3 15 15 13 5 3 4 11 20 2 2 11 5 2 5 2 2 8 17 8 7 8 10 12 5
UHA-0270 2 0 3 3 10 18 11 17 3 2 17 18 2 2 3 3 2 3 2 3 -9 -9 4 4 6 3 6 8
UHA-0271 2 0 3 3 6 6 6 15 3 2 18 21 2 2 10 11 2 3 2 3 9 9 4 4 8 3 6 7
UHA-0272 2 0 3 5 13 18 13 10 5 2 17 17 2 3 3 8 2 2 2 2 22 9 4 4 6 3 6 5
UHA-0355 2 0 3 3 13 11 5 2 2 2 17 12 2 2 11 9 5 12 -9 -9 5 9 5 29 3 7 5 13
UHA-0356 2 0 3 5 14 18 2 8 3 3 17 16 2 2 4 5 2 6 3 3 7 33 27 16 8 8 10 14
UHA-0357 2 0 3 3 13 18 1 7 2 2 15 16 2 2 9 2 7 5 2 2 24 7 5 16 6 1 14 9
UHA-0358 2 0 3 3 17 18 1 11 2 2 13 17 2 2 4 9 7 7 3 3 24 11 4 5 10 3 11 11
UHA-0359 2 0 4 3 14 16 5 9 3 3 19 6 2 2 11 5 6 6 2 2 5 33 27 21 9 4 12 13
UHA-0361 2 0 -9 -9 13 14 2 8 -9 -9 -9 -9 2 3 3 8 6 6 2 2 25 5 6 28 3 7 10 12
UHA-0362 2 0 3 3 13 13 2 8 2 2 15 18 2 2 3 6 5 8 2 2 26 26 4 14 10 3 10 10
UHA-0363 2 0 3 3 13 18 1 8 -9 -9 -9 -9 2 2 3 3 6 6 2 2 24 20 4 6 3 3 11 9
UHA-0379 2 0 4 3 3 3 4 15 3 3 13 13 2 2 3 12 3 3 2 2 12 18 4 4 6 6 6 12
UHA-0365 2 0 3 3 13 14 5 9 2 2 15 12 2 2 3 3 6 6 2 2 23 7 27 27 3 1 12 9
UHA-0366 2 0 4 3 14 16 2 9 3 5 15 12 2 2 4 19 7 7 2 2 8 7 8 26 9 1 10 12
UHA-0367 2 0 4 3 3 3 8 16 3 3 13 9 3 3 8 10 3 3 2 2 17 14 4 4 6 6 12 9
UHA-0368 2 0 4 3 3 3 5 4 3 3 8 8 1 1 3 7 3 3 2 2 8 9 4 4 7 7 14 11
UHA-0369 2 0 4 3 3 3 5 6 3 3 13 13 2 2 3 6 3 3 2 2 17 9 4 4 6 5 12 15
UHA-0370 2 0 3 2 3 3 6 7 -9 -9 8 2 2 2 3 6 3 3 2 2 7 7 4 4 3 7 11 15
UHA-0371 2 0 3 3 3 3 6 6 -9 -9 8 9 2 2 12 8 3 3 2 2 26 6 4 4 6 7 12 14
UHA-0372 2 0 3 2 15 14 5 14 -9 -9 15 12 2 2 3 3 6 5 2 2 30 7 5 27 8 1 10 12
UHA-0373 2 0 3 2 13 13 5 5 -9 -9 -9 -9 2 2 4 5 6 10 5 5 5 5 19 14 10 7 10 8
UHA-0374 2 0 3 3 14 16 5 8 3 3 12 4 2 2 10 20 10 11 2 3 25 11 6 6 7 7 11 9
UHA-0375 2 0 2 2 15 16 2 10 3 3 10 10 2 2 4 4 6 10 2 3 5 5 4 5 10 4 10 9
UHA-0376 2 0 3 3 13 13 8 8 3 2 12 12 2 2 4 4 4 4 2 3 26 26 5 6 7 7 10 9
UHA-0377 2 0 3 3 3 4 5 4 3 3 13 9 2 2 3 10 3 3 2 2 24 7 4 4 6 7 12 15
UHA-0378 2 0 4 3 3 3 5 16 3 3 14 10 2 2 4 16 3 3 2 2 8 27 4 4 8 6 14 17
UHA-0380 2 0 4 3 3 3 5 10 -9 -9 13 11 2 2 3 5 3 3 2 2 21 24 4 4 6 6 12 12
UHA-0381 2 0 3 3 3 8 12 4 2 2 9 20 2 1 3 6 3 3 2 2 24 17 4 4 6 7 12 12
UHA-0382 2 0 4 4 3 8 5 10 3 3 14 9 2 2 3 3 3 3 2 2 6 18 4 4 7 4 12 12
UHA-0383 2 0 4 4 3 2 6 10 -9 -9 17 9 2 2 8 6 -9 -9 2 2 9 6 4 4 6 5 14 14
UHA-0384 2 0 3 3 3 3 5 6 2 2 11 19 2 2 4 14 3 3 -9 -9 9 18 4 4 7 7 12 15
UHA-0385 2 0 3 3 3 4 4 4 2 2 19 18 2 2 8 5 3 3 2 2 28 28 4 4 6 6 12 12
UHA-0386 2 0 3 2 3 3 5 7 -9 -9 13 21 2 2 13 13 3 3 2 2 10 3 4 4 6 6 15 15
UHA-0387 2 0 2 2 3 3 4 7 2 2 13 19 2 2 4 5 3 3 2 2 33 18 4 4 6 6 12 12
UHA-0388 2 0 4 2 3 3 5 8 3 3 19 19 2 2 4 6 3 3 2 2 17 33 4 4 8 6 12 17
UHA-0389 2 0 4 2 3 3 5 7 -9 -9 11 16 2 2 8 4 3 3 2 2 5 9 4 4 3 5 12 17
UHA-0390 2 0 2 2 3 3 5 7 3 3 8 19 2 2 4 4 3 3 2 2 6 18 4 4 6 7 12 18
UHA-0391 2 0 4 4 3 4 5 6 3 3 19 10 3 3 15 5 3 3 2 2 7 18 4 4 6 3 12 16
UHA-0392 2 0 4 4 3 3 5 15 3 3 13 14 2 2 3 12 3 3 2 2 12 7 4 4 6 6 6 12
UHA-0393 2 0 4 2 3 4 5 15 3 3 17 18 2 2 14 14 3 3 2 2 24 12 4 4 8 6 12 12
UHA-0394 2 0 3 1 3 3 8 17 3 3 8 12 2 2 3 5 3 3 2 2 7 6 4 4 6 4 14 17
UHA-0395 2 0 2 2 13 14 10 7 2 2 13 19 2 3 4 5 3 6 -9 -9 14 38 5 23 9 9 13 9
UHA-0396 2 0 2 1 13 14 5 3 2 2 11 19 2 3 8 9 3 4 3 3 5 14 5 23 9 7 9 9
UHA-0397 2 0 3 3 15 14 5 15 2 2 19 14 2 3 4 4 6 11 -9 -9 22 22 5 15 9 7 12 9
UHA-0398 2 0 3 3 15 8 11 2 5 2 12 22 2 2 9 5 3 5 3 3 21 8 4 8 10 7 10 9
UHA-0399 2 0 3 2 13 16 5 8 2 2 12 20 2 2 7 7 7 5 -9 -9 6 6 4 5 9 3 10 13
UHA-0400 2 0 3 3 13 14 2 8 2 2 15 12 2 3 3 4 8 8 2 2 25 5 5 6 2 2 10 9
UHA-0401 2 0 3 2 15 18 -9 -9 2 2 -9 -9 2 2 8 2 3 6 2 3 6 6 4 5 10 7 10 9
UHA-0402 2 0 3 3 -9 -9 -9 -9 2 2 -9 -9 2 2 8 4 5 5 2 2 8 18 5 22 10 9 10 9
UHA-0404 2 0 4 4 3 3 5 5 3 3 13 14 2 2 9 9 3 3 2 2 8 17 4 4 6 9 14 15
UHA-0405 2 0 3 3 15 18 5 5 2 2 8 16 2 2 3 6 5 5 2 2 14 28 4 23 9 7 14 9
UHA-0406 2 0 3 3 13 11 5 2 2 2 5 7 2 2 4 4 6 6 2 3 16 13 5 5 7 7 10 9
UHA-0407 2 0 3 3 15 16 5 5 2 2 15 11 2 2 3 9 6 6 4 4 22 22 5 22 7 7 10 14
UHA-0408 2 0 4 4 3 3 5 4 2 2 19 18 2 2 3 6 3 3 2 2 17 3 4 4 7 5 14 14
UHA-0409 2 0 3 3 14 14 1 5 2 2 15 12 2 2 9 5 6 5 2 2 31 24 5 5 9 1 9 9
UHA-0410 2 0 3 3 3 3 4 8 3 3 14 9 2 2 10 4 3 3 2 2 35 35 4 27 6 6 12 18
UHA-0411 2 0 3 3 14 16 1 5 2 2 15 12 2 2 8 9 6 4 -9 -9 24 9 5 5 7 1 9 9
UHA-0412 2 0 3 3 3 3 4 8 3 3 14 9 2 2 10 4 3 3 2 2 35 35 4 27 6 6 12 18
UHA-0413 2 0 3 3 11 18 5 2 3 3 13 7 2 2 4 4 3 3 3 3 16 24 5 18 9 7 10 13
UHA-0414 2 0 4 3 3 3 5 4 2 2 18 16 2 2 6 16 3 3 2 2 17 6 4 4 3 3 12 18
UHA-0415 2 0 4 2 3 3 4 7 2 2 14 18 2 1 10 6 3 3 2 2 8 27 4 4 6 3 12 18
UHA-0416 2 0 4 3 3 3 12 4 2 2 10 20 3 1 3 6 3 3 2 2 17 6 4 4 6 7 12 14
UHA-0417 2 0 4 3 3 3 5 16 3 3 15 14 2 1 4 4 3 3 2 2 19 7 4 4 8 6 14 8
UHA-0418 2 0 3 3 3 3 5 16 3 3 13 14 2 1 4 6 3 3 2 2 24 3 4 4 6 6 14 18
UHA-0419 2 0 4 3 3 3 5 4 3 3 13 10 2 2 6 5 3 3 2 2 17 10 4 4 3 3 12 17
UHA-0420 2 0 3 3 13 14 13 2 2 2 5 6 2 2 4 4 6 6 2 2 16 6 5 5 9 7 9 9
UHA-0421 2 0 3 3 15 18 6 8 2 2 13 17 2 2 12 5 5 9 2 1 8 10 5 21 10 7 12 12
UHA-0422 2 0 3 2 14 3 8 7 3 3 18 9 3 8 3 3 3 3 2 2 8 10 4 4 6 4 10 12
UHA-0423 2 0 4 3 3 3 5 7 2 2 14 14 2 2 11 13 3 3 2 2 25 6 4 4 6 7 14 14
UHA-0424 2 0 4 4 13 11 4 8 2 2 8 14 2 2 4 6 7 6 2 2 33 33 5 5 3 7 11 11
UHA-0425 2 0 3 5 14 18 2 8 2 2 17 16 2 2 4 5 2 6 3 3 7 33 27 16 8 8 10 14
UHA-0461 2 0 4 4 14 14 2 8 3 3 17 12 2 2 3 4 6 4 2 2 26 10 4 13 9 3 9 1
UHA-0462 2 0 -9 -9 14 19 8 7 2 2 17 10 2 2 11 9 5 5 3 3 32 10 4 11 10 9 9 9
UHA-0463 2 0 3 2 15 14 2 2 2 2 7 10 2 2 4 6 6 9 -9 -9 5 7 5 20 7 7 9 20
UHA-0464 2 0 3 3 13 14 11 2 2 2 11 7 2 2 4 6 7 6 3 3 5 7 4 20 7 7 10 20
UHA-0465 2 0 3 3 13 14 2 8 3 3 11 11 2 2 10 4 7 5 3 3 31 5 4 5 8 8 10 13
UHA-0466 2 0 3 5 14 14 5 5 2 2 12 16 2 2 4 5 6 5 2 2 20 6 5 5 10 3 10 11
UHA-0467 2 0 3 3 13 14 10 8 2 2 12 6 2 2 4 7 7 6 -9 -9 13 11 5 21 3 3 10 9
UHA-0468 2 0 4 3 17 20 12 8 3 3 8 12 2 2 4 9 6 11 3 3 35 11 5 5 8 10 13 9
UHA-0469 2 0 3 3 15 17 2 8 3 3 8 15 2 2 4 19 5 5 3 4 24 24 4 25 7 7 10 9
UHA-0470 2 0 3 3 14 14 4 8 2 2 11 18 2 2 3 12 5 8 2 2 25 7 5 21 3 7 10 11
UHA-0471 2 0 3 3 16 16 5 8 2 2 15 11 2 2 19 19 7 6 3 4 7 7 15 12 3 7 12 9
UHA-0472 2 0 2 2 14 14 1 10 2 2 11 12 2 2 4 2 6 6 -9 -9 25 14 11 11 3 7 10 9
UHA-0473 2 0 3 3 13 18 13 3 2 2 11 14 2 2 4 7 7 4 3 3 11 11 5 5 8 3 10 14
UHA-0474 2 0 3 3 13 14 2 4 3 3 11 12 2 2 4 11 6 6 2 3 14 6 11 6 10 7 10 9
UHA-0475 2 0 2 2 15 14 10 9 2 2 11 10 2 2 3 4 6 6 3 3 5 14 11 5 10 7 10 10
UHA-0180 2 0 7 7 13 13 1 8 2 2 15 11 2 2 4 5 5 5 2 2 11 37 5 5 9 7 11 9
UHA-0181 2 0 4 3 13 14 2 9 2 2 8 10 2 4 12 5 6 12 3 3 7 27 5 5 10 9 10 13
UHA-0182 2 0 3 5 14 10 2 8 2 2 16 6 2 3 3 11 9 13 -9 -9 4 4 5 29 8 8 14 11
UHA-0278 2 0 4 4 10 10 5 7 5 4 9 6 3 4 11 2 5 5 2 2 5 4 3 3 11 11 12 12
UHA-0279 2 0 4 4 3 4 5 6 3 3 13 16 2 2 3 5 3 3 2 2 8 6 4 4 6 6 12 9
UHA-0280 2 0 4 3 14 20 5 9 2 2 8 16 2 2 4 6 6 6 2 3 25 7 5 17 7 1 11 9
UHA-0291 2 0 4 4 3 3 4 20 3 3 19 14 2 2 7 7 3 3 2 2 7 6 4 4 6 6 12 18
UHA-0315 2 0 3 5 15 17 5 6 3 3 13 8 2 2 3 11 4 8 3 3 7 6 5 5 3 3 12 9
UHA-0328 2 0 4 4 13 16 5 7 2 2 11 14 2 2 4 4 6 5 3 3 39 39 5 5 10 9 10 9
UHA-0344 2 0 3 3 14 16 2 10 2 2 11 16 2 2 4 18 6 6 3 3 14 6 11 6 7 4 10 10
UHA-0351 2 0 3 3 13 6 6 10 3 5 15 15 2 3 4 11 1 1 2 2 31 22 4 4 8 3 6 10
